Animal Name,Network Type,Manual GT Cells,Auto method GT Cells method 1 ,Auto method GT Cells method 2 ,Reconstructed Cells,Difference (gt- pred),Abs Difference,Error rate,Abs Error rate,removed overlapped cells,Difference (gt- pred_e),Abs Difference enh,Error rate enh,Abs Error rate enh
10ld1,U-Net_55_05  xgb [1],381,379,379,402,-23,23,-6.068601583,6.068601583,394,-15,15,-3.957783641,3.957783641
10ld3,Light-U-Net_55_1  xgb [2],239,238,238,274,-36,36,-15.12605042,15.12605042,258,-20,20,-8.403361345,8.403361345
10ll1,U-Net_55_05  xgb [1],341,338,338,404,-66,66,-19.52662722,19.52662722,393,-55,55,-16.27218935,16.27218935
10lr2,U-Net_55_05  xgb [1],349,346,346,384,-38,38,-10.98265896,10.98265896,374,-28,28,-8.092485549,8.092485549
10lr3,Light-U-Net_55_1  xgb [2],183,182,182,242,-60,60,-32.96703297,32.96703297,232,-50,50,-27.47252747,27.47252747
10lu1,U-Net_55_05  xgb [1],380,377,377,410,-33,33,-8.75331565,8.75331565,400,-23,23,-6.100795756,6.100795756
10lu2,U-Net_55_05  xgb [1],392,387,387,399,-12,12,-3.100775194,3.100775194,389,-2,2,-0.516795866,0.516795866
10lu3,Light-U-Net_55_1  xgb [2],171,170,170,272,-102,102,-60,60,252,-82,82,-48.23529412,48.23529412
10rd2,U-Net_55_05  xgb [0],419,417,417,412,5,5,1.199040767,1.199040767,402,15,15,3.597122302,3.597122302
10rl1,U-Net_55_05  xgb [0],417,416,416,428,-12,12,-2.884615385,2.884615385,413,3,3,0.721153846,0.721153846
10rl2,Light-U-Net_55_1  xgb [1],373,371,371,332,39,39,10.51212938,10.51212938,312,59,59,15.90296496,15.90296496
10rr1,U-Net_55_05  xgb [0],448,444,444,438,6,6,1.351351351,1.351351351,421,23,23,5.18018018,5.18018018
10rr2,Light-U-Net_55_1  xgb [2],237,235,235,251,-16,16,-6.808510638,6.808510638,240,-5,5,-2.127659574,2.127659574
10rr3,Light-U-Net_55_1  xgb [2],175,176,176,194,-18,18,-10.22727273,10.22727273,184,-8,8,-4.545454545,4.545454545
10ru1,U-Net_55_05  xgb [1],386,384,384,413,-29,29,-7.552083333,7.552083333,402,-18,18,-4.6875,4.6875
10ru2,Light-U-Net_55_1  xgb [0],416,413,413,408,5,5,1.210653753,1.210653753,385,28,28,6.779661017,6.779661017
10ru3,Light-U-Net_55_1  xgb [2],201,201,201,216,-15,15,-7.462686567,7.462686567,213,-12,12,-5.970149254,5.970149254
11ld1,U-Net_55_05  xgb [0],479,477,477,484,-7,7,-1.467505241,1.467505241,473,4,4,0.838574423,0.838574423
11ld2,U-Net_55_05  xgb [1],320,319,319,332,-13,13,-4.07523511,4.07523511,323,-4,4,-1.253918495,1.253918495
11ll1,U-Net_55_05  xgb [0],473,465,465,488,-23,23,-4.946236559,4.946236559,470,-5,5,-1.075268817,1.075268817
11ll2,Light-U-Net_55_1  xgb [2],272,272,272,282,-10,10,-3.676470588,3.676470588,267,5,5,1.838235294,1.838235294
11ll3,Light-U-Net_55_1  xgb [2],165,165,165,180,-15,15,-9.090909091,9.090909091,167,-2,2,-1.212121212,1.212121212
11lr2,U-Net_55_05  xgb [0],510,505,506,459,47,47,9.288537549,9.288537549,450,56,56,11.06719368,11.06719368
11lu1,U-Net_55_05  xgb [0],412,409,409,416,-7,7,-1.711491443,1.711491443,405,4,4,0.97799511,0.97799511
11lu2,U-Net_55_05  xgb [0],447,445,445,456,-11,11,-2.471910112,2.471910112,438,7,7,1.573033708,1.573033708
11lu3,U-Net_55_05  xgb [1],356,356,356,367,-11,11,-3.08988764,3.08988764,356,0,0,0,0
11rd1,U-Net_55_05  xgb [0],487,481,481,477,4,4,0.831600832,0.831600832,463,18,18,3.742203742,3.742203742
11rd3,Light-U-Net_55_1  xgb [2],158,158,158,195,-37,37,-23.41772152,23.41772152,182,-24,24,-15.18987342,15.18987342
11rl1,U-Net_55_05  xgb [0],473,468,468,448,20,20,4.273504274,4.273504274,436,32,32,6.837606838,6.837606838
11rl3,Light-U-Net_55_1  xgb [2],267,265,265,267,-2,2,-0.754716981,0.754716981,250,15,15,5.660377358,5.660377358
11rr1,U-Net_55_05  xgb [1],377,377,377,333,44,44,11.67108753,11.67108753,328,49,49,12.99734748,12.99734748
11rr2,U-Net_55_05  xgb [1],373,368,367,363,4,4,1.089918256,1.089918256,357,10,10,2.72479564,2.72479564
11ru1,U-Net_55_05  xgb [1],375,374,374,378,-4,4,-1.069518717,1.069518717,369,5,5,1.336898396,1.336898396
11ru2,U-Net_55_05  xgb [0],420,415,415,388,27,27,6.506024096,6.506024096,376,39,39,9.397590361,9.397590361
11ru3,U-Net_55_05  xgb [1],366,360,360,380,-20,20,-5.555555556,5.555555556,367,-7,7,-1.944444444,1.944444444
12ld2,U-Net_55_05  xgb [0],413,409,409,440,-31,31,-7.579462103,7.579462103,424,-15,15,-3.667481663,3.667481663
12ll1,U-Net_55_05  xgb [0],445,445,445,430,15,15,3.370786517,3.370786517,422,23,23,5.168539326,5.168539326
12ll2,U-Net_55_05  xgb [0],506,500,500,459,41,41,8.2,8.2,438,62,62,12.4,12.4
12lr1,U-Net_55_05  xgb [1],328,326,326,349,-23,23,-7.055214724,7.055214724,338,-12,12,-3.680981595,3.680981595
12lr2,Light-U-Net_55_1  xgb [2],258,257,257,259,-2,2,-0.778210117,0.778210117,247,10,10,3.891050584,3.891050584
12lr3,Light-U-Net_55_1  xgb [2],147,144,144,170,-26,26,-18.05555556,18.05555556,155,-11,11,-7.638888889,7.638888889
12lu1,U-Net_55_05  xgb [0],545,543,543,496,47,47,8.655616943,8.655616943,479,64,64,11.78637201,11.78637201
12lu3,Light-U-Net_55_1  xgb [2],129,129,129,136,-7,7,-5.426356589,5.426356589,134,-5,5,-3.875968992,3.875968992
12rl2,U-Net_55_05  xgb [0],403,401,401,406,-5,5,-1.246882793,1.246882793,395,6,6,1.496259352,1.496259352
12rr1,U-Net_55_05  xgb [1],382,381,381,408,-27,27,-7.086614173,7.086614173,394,-13,13,-3.412073491,3.412073491
12rr2,U-Net_55_05  xgb [1],401,398,398,409,-11,11,-2.763819095,2.763819095,398,0,0,0,0
12rr3,U-Net_55_05  xgb [1],329,329,329,345,-16,16,-4.863221884,4.863221884,337,-8,8,-2.431610942,2.431610942
12ru2,U-Net_55_05  xgb [1],338,340,340,352,-12,12,-3.529411765,3.529411765,337,3,3,0.882352941,0.882352941
12ru3,Light-U-Net_55_1  xgb [2],182,181,181,202,-21,21,-11.60220994,11.60220994,190,-9,9,-4.972375691,4.972375691
13ld3,Light-U-Net_55_1  xgb [2],228,228,228,216,12,12,5.263157895,5.263157895,211,17,17,7.456140351,7.456140351
13ll1,U-Net_55_05  xgb [1],382,383,383,387,-4,4,-1.044386423,1.044386423,384,-1,1,-0.261096606,0.261096606
13ll3,Light-U-Net_55_1  xgb [2],175,175,175,199,-24,24,-13.71428571,13.71428571,184,-9,9,-5.142857143,5.142857143
13lr1,U-Net_55_05  xgb [0],410,409,409,405,4,4,0.97799511,0.97799511,394,15,15,3.667481663,3.667481663
13lr2,Light-U-Net_55_1  xgb [2],224,223,223,232,-9,9,-4.035874439,4.035874439,227,-4,4,-1.793721973,1.793721973
13lu1,U-Net_55_05  xgb [1],368,365,365,369,-4,4,-1.095890411,1.095890411,356,9,9,2.465753425,2.465753425
13rd1,U-Net_55_05  xgb [0],413,410,410,387,23,23,5.609756098,5.609756098,382,28,28,6.829268293,6.829268293
13rl2,Light-U-Net_55_1  xgb [2],214,212,212,228,-16,16,-7.547169811,7.547169811,217,-5,5,-2.358490566,2.358490566
13rl3,Light-U-Net_55_1  xgb [2],168,166,166,191,-25,25,-15.06024096,15.06024096,181,-15,15,-9.036144578,9.036144578
13rr1,U-Net_55_05  xgb [1],378,374,374,390,-16,16,-4.278074866,4.278074866,378,-4,4,-1.069518717,1.069518717
13rr2,U-Net_55_05  xgb [1],335,333,333,364,-31,31,-9.309309309,9.309309309,352,-19,19,-5.705705706,5.705705706
13ru1,U-Net_55_05  xgb [1],391,390,390,407,-17,17,-4.358974359,4.358974359,399,-9,9,-2.307692308,2.307692308
14ll1,U-Net_55_05  xgb [0],474,471,471,435,36,36,7.643312102,7.643312102,429,42,42,8.917197452,8.917197452
14lr2,Light-U-Net_55_1  xgb [2],267,265,265,285,-20,20,-7.547169811,7.547169811,269,-4,4,-1.509433962,1.509433962
14lu2,U-Net_55_05  xgb [0],460,458,458,464,-6,6,-1.310043668,1.310043668,455,3,3,0.655021834,0.655021834
14lu3,Light-U-Net_55_1  xgb [2],247,247,247,282,-35,35,-14.17004049,14.17004049,258,-11,11,-4.453441296,4.453441296
14rd3,U-Net_55_05  xgb [1],356,350,350,361,-11,11,-3.142857143,3.142857143,353,-3,3,-0.857142857,0.857142857
14rl2,U-Net_55_05  xgb [0],475,471,471,463,8,8,1.6985138,1.6985138,454,17,17,3.609341826,3.609341826
14rl3,U-Net_55_05  xgb [1],290,289,289,302,-13,13,-4.498269896,4.498269896,297,-8,8,-2.76816609,2.76816609
14rr1,U-Net_55_05  xgb [0],454,458,458,463,-5,5,-1.091703057,1.091703057,450,8,8,1.746724891,1.746724891
14rr2,U-Net_55_05  xgb [0],436,437,437,441,-4,4,-0.915331808,0.915331808,426,11,11,2.517162471,2.517162471
14ru2,U-Net_55_05  xgb [0],432,424,424,436,-12,12,-2.830188679,2.830188679,423,1,1,0.235849057,0.235849057
14ru3,Light-U-Net_55_1  xgb [2],281,280,280,290,-10,10,-3.571428571,3.571428571,273,7,7,2.5,2.5
15ld1,U-Net_55_05  xgb [1],329,329,329,338,-9,9,-2.73556231,2.73556231,327,2,2,0.607902736,0.607902736
15ll3,Light-U-Net_55_1  xgb [2],82,81,81,94,-13,13,-16.04938272,16.04938272,93,-12,12,-14.81481481,14.81481481
15lr1,U-Net_55_05  xgb [1],336,331,331,352,-21,21,-6.344410876,6.344410876,342,-11,11,-3.32326284,3.32326284
15lr2,U-Net_55_05  xgb [1],330,328,328,343,-15,15,-4.573170732,4.573170732,336,-8,8,-2.43902439,2.43902439
15lu1,U-Net_55_05  xgb [1],360,358,358,394,-36,36,-10.05586592,10.05586592,383,-25,25,-6.983240223,6.983240223
15rl1,U-Net_55_05  xgb [1],356,356,356,362,-6,6,-1.685393258,1.685393258,347,9,9,2.528089888,2.528089888
15rl2,U-Net_55_05  xgb [0],428,424,423,440,-17,17,-4.01891253,4.01891253,429,-6,6,-1.418439716,1.418439716
15rr3,U-Net_55_05  xgb [1],303,302,302,313,-11,11,-3.642384106,3.642384106,302,0,0,0,0
15ru3,Light-U-Net_55_1  xgb [2],246,243,243,237,6,6,2.469135802,2.469135802,234,9,9,3.703703704,3.703703704
16ld1,U-Net_55_05  xgb [0],449,443,443,453,-10,10,-2.257336343,2.257336343,435,8,8,1.805869074,1.805869074
16ld2,Light-U-Net_55_1  xgb [2],241,241,241,248,-7,7,-2.904564315,2.904564315,240,1,1,0.414937759,0.414937759
16ll2,U-Net_55_05  xgb [1],319,316,316,338,-22,22,-6.962025316,6.962025316,333,-17,17,-5.379746835,5.379746835
16lr1,U-Net_55_05  xgb [0],411,405,405,427,-22,22,-5.432098765,5.432098765,410,-5,5,-1.234567901,1.234567901
16lr3,Light-U-Net_55_1  xgb [2],243,242,242,273,-31,31,-12.80991736,12.80991736,254,-12,12,-4.958677686,4.958677686
16rd2,Light-U-Net_55_1  xgb [2],268,266,266,252,14,14,5.263157895,5.263157895,244,22,22,8.270676692,8.270676692
16rl2,U-Net_55_05  xgb [1],380,376,376,341,35,35,9.308510638,9.308510638,332,44,44,11.70212766,11.70212766
16rl3,Light-U-Net_55_1  xgb [2],239,237,237,280,-43,43,-18.14345992,18.14345992,250,-13,13,-5.485232068,5.485232068
16rr1,U-Net_55_05  xgb [0],441,432,432,413,19,19,4.398148148,4.398148148,407,25,25,5.787037037,5.787037037
16rr3,U-Net_55_05  xgb [1],294,292,292,318,-26,26,-8.904109589,8.904109589,310,-18,18,-6.164383562,6.164383562
16ru2,U-Net_55_05  xgb [0],462,455,455,441,14,14,3.076923077,3.076923077,428,27,27,5.934065934,5.934065934
17lr1,U-Net_55_05  xgb [0],518,515,515,456,59,59,11.45631068,11.45631068,437,78,78,15.14563107,15.14563107
17lu3,Light-U-Net_55_1  xgb [2],180,180,180,200,-20,20,-11.11111111,11.11111111,185,-5,5,-2.777777778,2.777777778
17rd2,U-Net_55_05  xgb [1],343,341,341,373,-32,32,-9.384164223,9.384164223,365,-24,24,-7.038123167,7.038123167
17rl2,U-Net_55_05  xgb [1],387,386,386,350,36,36,9.32642487,9.32642487,346,40,40,10.3626943,10.3626943
17rl3,Light-U-Net_55_1  xgb [2],266,265,265,268,-3,3,-1.132075472,1.132075472,256,9,9,3.396226415,3.396226415
17ru2,Light-U-Net_55_1  xgb [2],216,219,219,217,2,2,0.913242009,0.913242009,200,19,19,8.675799087,8.675799087
18ll2,U-Net_55_05  xgb [1],346,344,344,387,-43,43,-12.5,12.5,369,-25,25,-7.26744186,7.26744186
18lu2,U-Net_55_05  xgb [1],315,313,313,322,-9,9,-2.875399361,2.875399361,318,-5,5,-1.597444089,1.597444089
18rd1,U-Net_55_05  xgb [0],470,462,462,466,-4,4,-0.865800866,0.865800866,452,10,10,2.164502165,2.164502165
18rd2,U-Net_55_05  xgb [1],298,298,298,311,-13,13,-4.362416107,4.362416107,302,-4,4,-1.342281879,1.342281879
18rl1,U-Net_55_05  xgb [0],501,500,500,448,52,52,10.4,10.4,434,66,66,13.2,13.2
18rl2,U-Net_55_05  xgb [0],464,462,462,473,-11,11,-2.380952381,2.380952381,457,5,5,1.082251082,1.082251082
18rl3,U-Net_55_05  xgb [1],309,308,308,328,-20,20,-6.493506494,6.493506494,318,-10,10,-3.246753247,3.246753247
18rr1,U-Net_55_05  xgb [0],430,426,426,438,-12,12,-2.816901408,2.816901408,425,1,1,0.234741784,0.234741784
18rr3,U-Net_55_05  xgb [1],375,374,374,366,8,8,2.139037433,2.139037433,356,18,18,4.812834225,4.812834225
19ld1,U-Net_55_05  xgb [0],518,514,514,480,34,34,6.614785992,6.614785992,470,44,44,8.560311284,8.560311284
19ld2,U-Net_55_05  xgb [0],493,491,490,470,20,20,4.081632653,4.081632653,456,34,34,6.93877551,6.93877551
19ll1,U-Net_55_05  xgb [0],515,508,508,473,35,35,6.88976378,6.88976378,459,49,49,9.645669291,9.645669291
19lr2,U-Net_55_05  xgb [0],453,452,452,437,15,15,3.318584071,3.318584071,427,25,25,5.530973451,5.530973451
19lu1,U-Net_55_05  xgb [0],415,410,410,403,7,7,1.707317073,1.707317073,393,17,17,4.146341463,4.146341463
19rd2,U-Net_55_05  xgb [0],481,478,477,445,32,32,6.708595388,6.708595388,433,44,44,9.224318658,9.224318658
19rr2,U-Net_55_05  xgb [0],462,462,462,447,15,15,3.246753247,3.246753247,430,32,32,6.926406926,6.926406926
19rr3,U-Net_55_05  xgb [1],362,354,354,347,7,7,1.97740113,1.97740113,339,15,15,4.237288136,4.237288136
19ru1,U-Net_55_05  xgb [0],541,537,537,505,32,32,5.959031657,5.959031657,494,43,43,8.00744879,8.00744879
1ld1,U-Net_55_05  xgb [0],443,442,442,429,13,13,2.941176471,2.941176471,419,23,23,5.20361991,5.20361991
1ld2,U-Net_55_05  xgb [1],398,395,395,396,-1,1,-0.253164557,0.253164557,382,13,13,3.291139241,3.291139241
1ll1,U-Net_55_05  xgb [0],439,438,438,418,20,20,4.566210046,4.566210046,403,35,35,7.99086758,7.99086758
1ll2,U-Net_55_05  xgb [0],411,410,410,412,-2,2,-0.487804878,0.487804878,397,13,13,3.170731707,3.170731707
1ll3,U-Net_55_05  xgb [1],330,328,328,337,-9,9,-2.743902439,2.743902439,330,-2,2,-0.609756098,0.609756098
1lr1,U-Net_55_05  xgb [0],441,441,441,446,-5,5,-1.133786848,1.133786848,431,10,10,2.267573696,2.267573696
1lr2,U-Net_55_05  xgb [1],381,381,381,365,16,16,4.199475066,4.199475066,358,23,23,6.036745407,6.036745407
1lr3,Light-U-Net_55_1  xgb [2],224,223,223,227,-4,4,-1.793721973,1.793721973,216,7,7,3.139013453,3.139013453
1lu1,U-Net_55_05  xgb [0],422,421,421,419,2,2,0.475059382,0.475059382,411,10,10,2.375296912,2.375296912
1lu2,U-Net_55_05  xgb [1],283,282,282,298,-16,16,-5.673758865,5.673758865,290,-8,8,-2.836879433,2.836879433
1rd1,U-Net_55_05  xgb [0],483,483,483,472,11,11,2.277432712,2.277432712,453,30,30,6.211180124,6.211180124
1rd2,U-Net_55_05  xgb [0],515,514,514,494,20,20,3.891050584,3.891050584,478,36,36,7.003891051,7.003891051
1rd3,U-Net_55_05  xgb [1],283,284,284,350,-66,66,-23.23943662,23.23943662,328,-44,44,-15.49295775,15.49295775
1rl1,U-Net_55_05  xgb [0],417,417,416,438,-22,22,-5.288461538,5.288461538,423,-7,7,-1.682692308,1.682692308
1rl2,Light-U-Net_55_1  xgb [2],228,228,228,222,6,6,2.631578947,2.631578947,213,15,15,6.578947368,6.578947368
1rl3,Light-U-Net_55_1  xgb [2],158,158,158,187,-29,29,-18.35443038,18.35443038,177,-19,19,-12.02531646,12.02531646
1rr1,U-Net_55_05  xgb [0],486,486,486,444,42,42,8.641975309,8.641975309,431,55,55,11.31687243,11.31687243
1rr2,U-Net_55_05  xgb [0],498,497,497,408,89,89,17.90744467,17.90744467,393,104,104,20.92555332,20.92555332
1rr3,Light-U-Net_55_1  xgb [2],258,258,258,270,-12,12,-4.651162791,4.651162791,258,0,0,0,0
1ru2,U-Net_55_05  xgb [0],531,527,527,448,79,79,14.99051233,14.99051233,439,88,88,16.69829222,16.69829222
1ru3,Light-U-Net_55_1  xgb [2],282,278,278,286,-8,8,-2.877697842,2.877697842,272,6,6,2.158273381,2.158273381
20ld2,U-Net_55_05  xgb [1],374,373,373,356,17,17,4.557640751,4.557640751,349,24,24,6.434316354,6.434316354
20ld3,Light-U-Net_55_1  xgb [2],148,148,148,163,-15,15,-10.13513514,10.13513514,159,-11,11,-7.432432432,7.432432432
20ll1,U-Net_55_05  xgb [0],439,432,432,444,-12,12,-2.777777778,2.777777778,426,6,6,1.388888889,1.388888889
20ll3,U-Net_55_05  xgb [1],301,298,298,309,-11,11,-3.691275168,3.691275168,304,-6,6,-2.013422819,2.013422819
20lr2,Light-U-Net_55_1  xgb [2],238,238,238,252,-14,14,-5.882352941,5.882352941,244,-6,6,-2.521008403,2.521008403
20lr3,Light-U-Net_55_1  xgb [2],148,148,148,166,-18,18,-12.16216216,12.16216216,157,-9,9,-6.081081081,6.081081081
20lu1,U-Net_55_05  xgb [0],427,425,425,423,2,2,0.470588235,0.470588235,408,17,17,4,4
20lu2,U-Net_55_05  xgb [1],385,382,382,401,-19,19,-4.97382199,4.97382199,392,-10,10,-2.617801047,2.617801047
20lu3,Light-U-Net_55_1  xgb [2],211,209,209,218,-9,9,-4.306220096,4.306220096,212,-3,3,-1.435406699,1.435406699
20rd1,U-Net_55_05  xgb [1],362,360,360,364,-4,4,-1.111111111,1.111111111,352,8,8,2.222222222,2.222222222
20rl1,U-Net_55_05  xgb [1],330,330,330,391,-61,61,-18.48484848,18.48484848,382,-52,52,-15.75757576,15.75757576
20rl2,U-Net_55_05  xgb [1],402,399,399,400,-1,1,-0.250626566,0.250626566,392,7,7,1.754385965,1.754385965
20rr2,U-Net_55_05  xgb [0],439,433,433,386,47,47,10.85450346,10.85450346,373,60,60,13.85681293,13.85681293
20rr3,Light-U-Net_55_1  xgb [2],188,188,188,206,-18,18,-9.574468085,9.574468085,196,-8,8,-4.255319149,4.255319149
20ru1,U-Net_55_05  xgb [0],471,465,465,475,-10,10,-2.150537634,2.150537634,461,4,4,0.860215054,0.860215054
20ru2,Light-U-Net_55_1  xgb [2],203,203,203,209,-6,6,-2.955665025,2.955665025,203,0,0,0,0
21_4_ld1,U-Net_55_05  xgb [1],401,399,399,408,-9,9,-2.255639098,2.255639098,403,-4,4,-1.002506266,1.002506266
21_4_ll1,U-Net_55_05  xgb [0],431,430,430,416,14,14,3.255813953,3.255813953,405,25,25,5.813953488,5.813953488
21_4_ll2,U-Net_55_05  xgb [1],319,315,315,330,-15,15,-4.761904762,4.761904762,320,-5,5,-1.587301587,1.587301587
21_4_ll3,Light-U-Net_55_1  xgb [2],260,260,259,264,-5,5,-1.930501931,1.930501931,248,11,11,4.247104247,4.247104247
21_4_lr1,U-Net_55_05  xgb [0],461,461,461,471,-10,10,-2.169197397,2.169197397,464,-3,3,-0.650759219,0.650759219
21_4_lr3,Light-U-Net_55_1  xgb [2],188,186,186,212,-26,26,-13.97849462,13.97849462,200,-14,14,-7.52688172,7.52688172
21_4_lu1,U-Net_55_05  xgb [0],406,406,406,436,-30,30,-7.389162562,7.389162562,422,-16,16,-3.9408867,3.9408867
21_4_lu2,U-Net_55_05  xgb [0],431,431,431,429,2,2,0.464037123,0.464037123,421,10,10,2.320185615,2.320185615
21_4_lu3,Light-U-Net_55_1  xgb [2],137,138,138,171,-33,33,-23.91304348,23.91304348,158,-20,20,-14.49275362,14.49275362
21_4_rd3,Light-U-Net_55_1  xgb [2],213,213,213,229,-16,16,-7.511737089,7.511737089,215,-2,2,-0.938967136,0.938967136
21_4_rl2,Light-U-Net_55_1  xgb [2],256,256,256,272,-16,16,-6.25,6.25,259,-3,3,-1.171875,1.171875
21_4_rr2,U-Net_55_05  xgb [1],293,291,291,304,-13,13,-4.467353952,4.467353952,298,-7,7,-2.405498282,2.405498282
21_4_rr3,U-Net_55_05  xgb [1],346,345,345,344,1,1,0.289855072,0.289855072,337,8,8,2.31884058,2.31884058
21_4_ru3,Light-U-Net_55_1  xgb [2],263,262,263,264,-1,1,-0.380228137,0.380228137,255,8,8,3.041825095,3.041825095
22_4_ll2,U-Net_55_05  xgb [0],408,402,402,346,56,56,13.93034826,13.93034826,341,61,61,15.17412935,15.17412935
22_4_ll3,U-Net_55_05  xgb [1],318,311,310,338,-28,28,-9.032258065,9.032258065,330,-20,20,-6.451612903,6.451612903
22_4_lr3,U-Net_55_05  xgb [1],387,385,385,346,39,39,10.12987013,10.12987013,341,44,44,11.42857143,11.42857143
22_4_rd3,U-Net_55_05  xgb [1],340,334,334,329,5,5,1.497005988,1.497005988,326,8,8,2.395209581,2.395209581
22_4_rl1,U-Net_55_05  xgb [1],400,391,391,377,14,14,3.58056266,3.58056266,368,23,23,5.882352941,5.882352941
22_4_rl2,Light-U-Net_55_1  xgb [2],228,223,223,216,7,7,3.139013453,3.139013453,207,16,16,7.174887892,7.174887892
22_4_ru2,Light-U-Net_55_1  xgb [2],246,244,244,222,22,22,9.016393443,9.016393443,218,26,26,10.6557377,10.6557377
22_4_ru3,Light-U-Net_55_1  xgb [2],141,140,140,153,-13,13,-9.285714286,9.285714286,145,-5,5,-3.571428571,3.571428571
23_8_ll1,U-Net_55_05  xgb [0],441,439,439,414,25,25,5.69476082,5.69476082,403,36,36,8.200455581,8.200455581
23_8_ll2,Light-U-Net_55_1  xgb [2],226,226,226,248,-22,22,-9.734513274,9.734513274,231,-5,5,-2.212389381,2.212389381
23_8_lu1,U-Net_55_05  xgb [0],429,429,429,409,20,20,4.662004662,4.662004662,398,31,31,7.226107226,7.226107226
23_8_lu2,U-Net_55_05  xgb [1],338,337,337,325,12,12,3.560830861,3.560830861,312,25,25,7.418397626,7.418397626
23_8_lu3,Light-U-Net_55_1  xgb [2],198,196,196,207,-11,11,-5.612244898,5.612244898,193,3,3,1.530612245,1.530612245
23_8_rd1,U-Net_55_05  xgb [0],427,425,425,411,14,14,3.294117647,3.294117647,400,25,25,5.882352941,5.882352941
23_8_rd2,Light-U-Net_55_1  xgb [2],261,261,261,270,-9,9,-3.448275862,3.448275862,249,12,12,4.597701149,4.597701149
23_8_rl1,U-Net_55_05  xgb [0],441,447,447,431,16,16,3.579418345,3.579418345,418,29,29,6.487695749,6.487695749
23_8_rl2,U-Net_55_05  xgb [1],402,399,399,397,2,2,0.501253133,0.501253133,395,4,4,1.002506266,1.002506266
23_8_rr1,U-Net_55_05  xgb [0],448,447,447,452,-5,5,-1.118568233,1.118568233,442,5,5,1.118568233,1.118568233
23_8_rr3,U-Net_55_05  xgb [1],298,296,296,304,-8,8,-2.702702703,2.702702703,297,-1,1,-0.337837838,0.337837838
23_8_ru2,U-Net_55_05  xgb [0],432,430,430,441,-11,11,-2.558139535,2.558139535,429,1,1,0.23255814,0.23255814
23_8_ru3,U-Net_55_05  xgb [1],285,285,285,311,-26,26,-9.122807018,9.122807018,302,-17,17,-5.964912281,5.964912281
23ld2,U-Net_55_05  xgb [1],283,283,283,302,-19,19,-6.713780919,6.713780919,293,-10,10,-3.533568905,3.533568905
23ll3,Light-U-Net_55_1  xgb [2],196,195,195,224,-29,29,-14.87179487,14.87179487,214,-19,19,-9.743589744,9.743589744
23lr2,U-Net_55_05  xgb [1],355,354,354,370,-16,16,-4.519774011,4.519774011,363,-9,9,-2.542372881,2.542372881
23lu3,Light-U-Net_55_1  xgb [2],278,277,277,250,27,27,9.747292419,9.747292419,243,34,34,12.27436823,12.27436823
23rl2,U-Net_55_05  xgb [1],285,283,283,307,-24,24,-8.480565371,8.480565371,297,-14,14,-4.946996466,4.946996466
23rr2,U-Net_55_05  xgb [1],385,383,383,346,37,37,9.660574413,9.660574413,341,42,42,10.96605744,10.96605744
23ru1,U-Net_55_05  xgb [1],331,330,330,213,117,117,35.45454545,35.45454545,213,117,117,35.45454545,35.45454545
23ru2,U-Net_55_05  xgb [1],388,383,383,323,60,60,15.66579634,15.66579634,315,68,68,17.75456919,17.75456919
23ru3,U-Net_55_05  xgb [1],321,319,319,324,-5,5,-1.567398119,1.567398119,322,-3,3,-0.940438871,0.940438871
24_4_ld2,U-Net_55_05  xgb [1],354,351,351,388,-37,37,-10.54131054,10.54131054,378,-27,27,-7.692307692,7.692307692
24_4_ld3,Light-U-Net_55_1  xgb [2],277,276,276,285,-9,9,-3.260869565,3.260869565,274,2,2,0.724637681,0.724637681
24_4_ll3,Light-U-Net_55_1  xgb [2],160,160,160,224,-64,64,-40,40,212,-52,52,-32.5,32.5
24_4_lr3,Light-U-Net_55_1  xgb [2],259,257,257,271,-14,14,-5.447470817,5.447470817,260,-3,3,-1.167315175,1.167315175
24_4_lu2,U-Net_55_05  xgb [1],287,286,286,305,-19,19,-6.643356643,6.643356643,299,-13,13,-4.545454545,4.545454545
24_4_lu3,Light-U-Net_55_1  xgb [2],128,128,128,108,20,20,15.625,15.625,105,23,23,17.96875,17.96875
24_4_rd2,U-Net_55_05  xgb [0],453,452,452,336,116,116,25.66371681,25.66371681,330,122,122,26.99115044,26.99115044
24_4_rd3,Light-U-Net_55_1  xgb [2],274,272,272,210,62,62,22.79411765,22.79411765,205,67,67,24.63235294,24.63235294
24_4_rr2,U-Net_55_05  xgb [1],364,362,362,316,46,46,12.70718232,12.70718232,313,49,49,13.5359116,13.5359116
24_4_rr3,Light-U-Net_55_1  xgb [2],221,221,221,233,-12,12,-5.429864253,5.429864253,228,-7,7,-3.167420814,3.167420814
24_4_ru3,Light-U-Net_55_1  xgb [2],179,178,178,173,5,5,2.808988764,2.808988764,167,11,11,6.179775281,6.179775281
25_4_ld1,U-Net_55_05  xgb [1],285,284,284,348,-64,64,-22.53521127,22.53521127,340,-56,56,-19.71830986,19.71830986
25_4_ld2,Light-U-Net_55_1  xgb [2],193,192,192,239,-47,47,-24.47916667,24.47916667,217,-25,25,-13.02083333,13.02083333
25_4_ll3,U-Net_55_05  xgb [1],373,372,372,376,-4,4,-1.075268817,1.075268817,369,3,3,0.806451613,0.806451613
25_4_lr1,U-Net_55_05  xgb [0],441,443,443,408,35,35,7.900677201,7.900677201,397,46,46,10.38374718,10.38374718
25_4_lr2,U-Net_55_05  xgb [1],395,392,392,356,36,36,9.183673469,9.183673469,352,40,40,10.20408163,10.20408163
25_4_lr3,U-Net_55_05  xgb [1],379,378,378,385,-7,7,-1.851851852,1.851851852,372,6,6,1.587301587,1.587301587
25_4_lu1,U-Net_55_05  xgb [0],498,493,493,488,5,5,1.014198783,1.014198783,474,19,19,3.853955375,3.853955375
25_4_lu2,U-Net_55_05  xgb [0],447,444,444,439,5,5,1.126126126,1.126126126,431,13,13,2.927927928,2.927927928
25_4_lu3,Light-U-Net_55_1  xgb [2],258,258,258,273,-15,15,-5.813953488,5.813953488,258,0,0,0,0
25_4_rd1,U-Net_55_05  xgb [0],401,401,402,394,8,8,1.990049751,1.990049751,377,25,25,6.218905473,6.218905473
25_4_rd2,U-Net_55_05  xgb [0],415,415,415,443,-28,28,-6.746987952,6.746987952,427,-12,12,-2.891566265,2.891566265
25_4_rd3,Light-U-Net_55_1  xgb [2],279,278,278,282,-4,4,-1.438848921,1.438848921,268,10,10,3.597122302,3.597122302
25_4_rl1,U-Net_55_05  xgb [0],440,439,439,416,23,23,5.239179954,5.239179954,404,35,35,7.972665148,7.972665148
25_4_rl3,Light-U-Net_55_1  xgb [2],160,160,160,180,-20,20,-12.5,12.5,165,-5,5,-3.125,3.125
25_4_rr1,U-Net_55_05  xgb [0],421,422,422,411,11,11,2.606635071,2.606635071,404,18,18,4.265402844,4.265402844
25_4_rr3,Light-U-Net_55_1  xgb [2],131,131,131,142,-11,11,-8.396946565,8.396946565,137,-6,6,-4.580152672,4.580152672
25_4_ru2,U-Net_55_05  xgb [0],419,416,416,408,8,8,1.923076923,1.923076923,403,13,13,3.125,3.125
25_4_ru3,U-Net_55_05  xgb [1],308,308,308,338,-30,30,-9.74025974,9.74025974,326,-18,18,-5.844155844,5.844155844
26_4_ll3,U-Net_55_05  xgb [0],418,417,417,357,60,60,14.38848921,14.38848921,351,66,66,15.82733813,15.82733813
26_4_lr2,U-Net_55_05  xgb [0],423,423,423,335,88,88,20.80378251,20.80378251,327,96,96,22.69503546,22.69503546
26_4_lr3,Light-U-Net_55_1  xgb [2],244,244,244,171,73,73,29.91803279,29.91803279,165,79,79,32.37704918,32.37704918
26_4_lu1,U-Net_55_05  xgb [1],397,394,394,363,31,31,7.868020305,7.868020305,355,39,39,9.898477157,9.898477157
26_4_lu3,U-Net_55_05  xgb [1],344,344,344,349,-5,5,-1.453488372,1.453488372,340,4,4,1.162790698,1.162790698
26_4_rd3,Light-U-Net_55_1  xgb [2],151,148,148,152,-4,4,-2.702702703,2.702702703,147,1,1,0.675675676,0.675675676
27_4_ld1,U-Net_55_05  xgb [1],380,377,377,398,-21,21,-5.570291777,5.570291777,383,-6,6,-1.591511936,1.591511936
27_4_lr1,U-Net_55_05  xgb [1],348,344,344,361,-17,17,-4.941860465,4.941860465,351,-7,7,-2.034883721,2.034883721
27_4_lr2,U-Net_55_05  xgb [1],323,321,321,346,-25,25,-7.788161994,7.788161994,335,-14,14,-4.361370717,4.361370717
27_4_lu1,U-Net_55_05  xgb [1],390,388,388,409,-21,21,-5.412371134,5.412371134,395,-7,7,-1.804123711,1.804123711
27_4_lu3,Light-U-Net_55_1  xgb [2],279,276,276,279,-3,3,-1.086956522,1.086956522,267,9,9,3.260869565,3.260869565
27_4_rd1,U-Net_55_05  xgb [0],440,439,440,419,21,21,4.772727273,4.772727273,406,34,34,7.727272727,7.727272727
27_4_rd2,U-Net_55_05  xgb [0],418,406,406,357,49,49,12.06896552,12.06896552,351,55,55,13.54679803,13.54679803
27_4_rd3,Light-U-Net_55_1  xgb [2],252,252,252,257,-5,5,-1.984126984,1.984126984,247,5,5,1.984126984,1.984126984
27_4_rl1,U-Net_55_05  xgb [0],413,413,413,392,21,21,5.084745763,5.084745763,376,37,37,8.958837772,8.958837772
27_4_rl2,U-Net_55_05  xgb [1],382,379,379,386,-7,7,-1.846965699,1.846965699,382,-3,3,-0.791556728,0.791556728
27_4_rl3,U-Net_55_05  xgb [1],398,396,396,398,-2,2,-0.505050505,0.505050505,389,7,7,1.767676768,1.767676768
27_4_rr1,U-Net_55_05  xgb [0],441,440,440,446,-6,6,-1.363636364,1.363636364,439,1,1,0.227272727,0.227272727
27_4_rr2,U-Net_55_05  xgb [0],459,457,457,388,69,69,15.09846827,15.09846827,382,75,75,16.41137856,16.41137856
27_4_ru1,U-Net_55_05  xgb [1],351,351,351,329,22,22,6.267806268,6.267806268,316,35,35,9.971509972,9.971509972
27_4_ru2,Light-U-Net_55_1  xgb [2],274,273,273,277,-4,4,-1.465201465,1.465201465,265,8,8,2.93040293,2.93040293
27_4_ru3,Light-U-Net_55_1  xgb [2],146,144,144,165,-21,21,-14.58333333,14.58333333,154,-10,10,-6.944444444,6.944444444
28_4_ld2,U-Net_55_05  xgb [1],349,349,349,344,5,5,1.432664756,1.432664756,337,12,12,3.438395415,3.438395415
28_4_ld3,Light-U-Net_55_1  xgb [2],271,270,270,262,8,8,2.962962963,2.962962963,252,18,18,6.666666667,6.666666667
28_4_ll2,U-Net_55_05  xgb [1],372,368,368,331,37,37,10.05434783,10.05434783,325,43,43,11.68478261,11.68478261
28_4_ll3,Light-U-Net_55_1  xgb [2],239,238,238,247,-9,9,-3.781512605,3.781512605,232,6,6,2.521008403,2.521008403
28_4_lu1,U-Net_55_05  xgb [1],378,378,378,413,-35,35,-9.259259259,9.259259259,402,-24,24,-6.349206349,6.349206349
28_4_lu3,Light-U-Net_55_1  xgb [2],250,248,248,183,65,65,26.20967742,26.20967742,181,67,67,27.01612903,27.01612903
28_4_rl3,Light-U-Net_55_1  xgb [2],224,224,224,184,40,40,17.85714286,17.85714286,180,44,44,19.64285714,19.64285714
29_4_ld1,U-Net_55_05  xgb [0],499,499,499,379,120,120,24.04809619,24.04809619,368,131,131,26.25250501,26.25250501
29_4_ld2,U-Net_55_05  xgb [0],447,443,443,383,60,60,13.54401806,13.54401806,375,68,68,15.34988713,15.34988713
29_4_ld3,Light-U-Net_55_1  xgb [2],264,257,257,214,43,43,16.73151751,16.73151751,207,50,50,19.45525292,19.45525292
29_4_ll2,U-Net_55_05  xgb [0],500,499,499,417,82,82,16.43286573,16.43286573,404,95,95,19.03807615,19.03807615
29_4_ll3,U-Net_55_05  xgb [1],345,345,345,332,13,13,3.768115942,3.768115942,326,19,19,5.507246377,5.507246377
29_4_lr2,U-Net_55_05  xgb [1],379,379,379,307,72,72,18.99736148,18.99736148,303,76,76,20.05277045,20.05277045
29_4_lr3,U-Net_55_05  xgb [1],342,336,336,304,32,32,9.523809524,9.523809524,301,35,35,10.41666667,10.41666667
29_4_lu2,U-Net_55_05  xgb [0],415,411,411,343,68,68,16.54501217,16.54501217,330,81,81,19.7080292,19.7080292
29_4_rd1,U-Net_55_05  xgb [1],377,375,375,290,85,85,22.66666667,22.66666667,287,88,88,23.46666667,23.46666667
29_4_rd2,U-Net_55_05  xgb [1],296,295,295,265,30,30,10.16949153,10.16949153,259,36,36,12.20338983,12.20338983
29_4_rd3,Light-U-Net_55_1  xgb [2],231,230,230,177,53,53,23.04347826,23.04347826,174,56,56,24.34782609,24.34782609
29_4_rl3,U-Net_55_05  xgb [1],309,306,306,317,-11,11,-3.594771242,3.594771242,308,-2,2,-0.653594771,0.653594771
29_4_rr1,U-Net_55_05  xgb [0],447,446,446,403,43,43,9.641255605,9.641255605,392,54,54,12.10762332,12.10762332
29_4_rr2,U-Net_55_05  xgb [1],320,319,319,318,1,1,0.313479624,0.313479624,305,14,14,4.388714734,4.388714734
29_4_rr3,Light-U-Net_55_1  xgb [2],204,201,201,191,10,10,4.975124378,4.975124378,187,14,14,6.965174129,6.965174129
29_4_ru2,U-Net_55_05  xgb [0],438,437,437,407,30,30,6.864988558,6.864988558,401,36,36,8.23798627,8.23798627
29_4_ru3,Light-U-Net_55_1  xgb [2],272,272,272,253,19,19,6.985294118,6.985294118,246,26,26,9.558823529,9.558823529
2ld1,U-Net_55_05  xgb [0],457,456,456,442,14,14,3.070175439,3.070175439,428,28,28,6.140350877,6.140350877
2ld2,U-Net_55_05  xgb [0],406,403,403,400,3,3,0.744416873,0.744416873,389,14,14,3.473945409,3.473945409
2ll1,U-Net_55_05  xgb [1],370,369,369,353,16,16,4.33604336,4.33604336,342,27,27,7.317073171,7.317073171
2lr1,U-Net_55_05  xgb [0],535,526,526,479,47,47,8.935361217,8.935361217,462,64,64,12.16730038,12.16730038
2lr2,Light-U-Net_55_1  xgb [2],280,268,268,291,-23,23,-8.582089552,8.582089552,271,-3,3,-1.119402985,1.119402985
2lr3,Light-U-Net_55_1  xgb [2],181,180,180,204,-24,24,-13.33333333,13.33333333,191,-11,11,-6.111111111,6.111111111
2lu1,U-Net_55_05  xgb [0],423,419,418,421,-3,3,-0.717703349,0.717703349,417,1,1,0.23923445,0.23923445
2lu2,U-Net_55_05  xgb [0],518,508,508,495,13,13,2.559055118,2.559055118,480,28,28,5.511811024,5.511811024
2lu3,Light-U-Net_55_1  xgb [2],137,133,133,149,-16,16,-12.03007519,12.03007519,141,-8,8,-6.015037594,6.015037594
2rd1,U-Net_55_05  xgb [1],394,393,393,413,-20,20,-5.089058524,5.089058524,399,-6,6,-1.526717557,1.526717557
2rd2,Light-U-Net_55_1  xgb [2],258,258,258,282,-24,24,-9.302325581,9.302325581,260,-2,2,-0.775193798,0.775193798
2rd3,Light-U-Net_55_1  xgb [2],122,122,122,147,-25,25,-20.49180328,20.49180328,138,-16,16,-13.1147541,13.1147541
2rl1,U-Net_55_05  xgb [1],366,365,365,386,-21,21,-5.753424658,5.753424658,378,-13,13,-3.561643836,3.561643836
2rl2,U-Net_55_05  xgb [0],437,430,431,420,11,11,2.552204176,2.552204176,410,21,21,4.872389791,4.872389791
2rr1,U-Net_55_05  xgb [1],386,384,384,366,18,18,4.6875,4.6875,361,23,23,5.989583333,5.989583333
2rr2,U-Net_55_05  xgb [0],457,452,452,450,2,2,0.442477876,0.442477876,438,14,14,3.097345133,3.097345133
2rr3,Light-U-Net_55_1  xgb [2],236,235,235,267,-32,32,-13.61702128,13.61702128,243,-8,8,-3.404255319,3.404255319
30_4_ld1,U-Net_55_05  xgb [0],425,424,424,417,7,7,1.650943396,1.650943396,407,17,17,4.009433962,4.009433962
30_4_ld2,U-Net_55_05  xgb [0],408,405,405,412,-7,7,-1.728395062,1.728395062,401,4,4,0.987654321,0.987654321
30_4_ld3,Light-U-Net_55_1  xgb [2],267,266,266,270,-4,4,-1.503759398,1.503759398,259,7,7,2.631578947,2.631578947
30_4_ll1,U-Net_55_05  xgb [0],463,460,460,467,-7,7,-1.52173913,1.52173913,455,5,5,1.086956522,1.086956522
30_4_ll2,U-Net_55_05  xgb [1],369,369,369,386,-17,17,-4.60704607,4.60704607,374,-5,5,-1.35501355,1.35501355
30_4_ll3,Light-U-Net_55_1  xgb [2],243,243,243,260,-17,17,-6.995884774,6.995884774,251,-8,8,-3.29218107,3.29218107
30_4_lr1,U-Net_55_05  xgb [0],410,406,406,417,-11,11,-2.709359606,2.709359606,410,-4,4,-0.985221675,0.985221675
30_4_lr2,U-Net_55_05  xgb [1],349,349,349,378,-29,29,-8.309455587,8.309455587,366,-17,17,-4.871060172,4.871060172
30_4_lr3,Light-U-Net_55_1  xgb [2],263,264,264,296,-32,32,-12.12121212,12.12121212,275,-11,11,-4.166666667,4.166666667
30_4_lu1,U-Net_55_05  xgb [1],361,361,361,426,-65,65,-18.00554017,18.00554017,417,-56,56,-15.51246537,15.51246537
30_4_lu2,U-Net_55_05  xgb [1],351,350,350,382,-32,32,-9.142857143,9.142857143,372,-22,22,-6.285714286,6.285714286
30_4_rd1,U-Net_55_05  xgb [0],428,427,427,425,2,2,0.468384075,0.468384075,413,14,14,3.278688525,3.278688525
30_4_rd3,Light-U-Net_55_1  xgb [2],207,205,205,231,-26,26,-12.68292683,12.68292683,215,-10,10,-4.87804878,4.87804878
30_4_rl2,U-Net_55_05  xgb [0],447,446,446,422,24,24,5.381165919,5.381165919,408,38,38,8.520179372,8.520179372
30_4_rl3,U-Net_55_05  xgb [1],313,308,308,262,46,46,14.93506494,14.93506494,260,48,48,15.58441558,15.58441558
30_4_rr1,U-Net_55_05  xgb [0],433,427,427,418,9,9,2.107728337,2.107728337,409,18,18,4.215456674,4.215456674
30_4_rr2,U-Net_55_05  xgb [0],426,426,426,434,-8,8,-1.877934272,1.877934272,420,6,6,1.408450704,1.408450704
30_4_rr3,Light-U-Net_55_1  xgb [2],189,188,188,219,-31,31,-16.4893617,16.4893617,207,-19,19,-10.10638298,10.10638298
30_4_ru1,U-Net_55_05  xgb [1],390,388,388,409,-21,21,-5.412371134,5.412371134,397,-9,9,-2.319587629,2.319587629
30_4_ru2,U-Net_55_05  xgb [1],382,381,381,400,-19,19,-4.98687664,4.98687664,392,-11,11,-2.887139108,2.887139108
30_4_ru3,Light-U-Net_55_1  xgb [2],243,243,243,253,-10,10,-4.115226337,4.115226337,241,2,2,0.823045267,0.823045267
31_8_ld2,U-Net_55_05  xgb [0],551,550,550,471,79,79,14.36363636,14.36363636,451,99,99,18,18
31_8_ld3,Light-U-Net_55_1  xgb [2],216,216,216,236,-20,20,-9.259259259,9.259259259,221,-5,5,-2.314814815,2.314814815
31_8_ll1,U-Net_55_05  xgb [0],542,542,542,420,122,122,22.50922509,22.50922509,404,138,138,25.46125461,25.46125461
31_8_ll2,U-Net_55_05  xgb [0],514,514,514,423,91,91,17.70428016,17.70428016,416,98,98,19.06614786,19.06614786
31_8_ll3,Light-U-Net_55_1  xgb [2],74,74,74,98,-24,24,-32.43243243,32.43243243,95,-21,21,-28.37837838,28.37837838
31_8_lr1,U-Net_55_05  xgb [0],524,524,524,430,94,94,17.9389313,17.9389313,411,113,113,21.5648855,21.5648855
31_8_lr2,U-Net_55_05  xgb [0],568,568,568,459,109,109,19.19014085,19.19014085,446,122,122,21.47887324,21.47887324
31_8_lr3,Light-U-Net_55_1  xgb [2],142,142,142,182,-40,40,-28.16901408,28.16901408,171,-29,29,-20.42253521,20.42253521
31_8_rd1,U-Net_55_05  xgb [0],540,539,539,270,269,269,49.90723562,49.90723562,244,295,295,54.7309833,54.7309833
31_8_rl1,U-Net_55_05  xgb [0],563,563,563,480,83,83,14.74245115,14.74245115,462,101,101,17.93960924,17.93960924
31_8_rl2,U-Net_55_05  xgb [0],570,570,570,492,78,78,13.68421053,13.68421053,478,92,92,16.14035088,16.14035088
31_8_rl3,Light-U-Net_55_1  xgb [2],256,256,256,240,16,16,6.25,6.25,229,27,27,10.546875,10.546875
31_8_rr2,U-Net_55_05  xgb [0],553,553,553,480,73,73,13.20072333,13.20072333,466,87,87,15.7323689,15.7323689
31_8_rr3,Light-U-Net_55_1  xgb [2],212,212,212,225,-13,13,-6.132075472,6.132075472,209,3,3,1.41509434,1.41509434
31_8_ru1,U-Net_55_05  xgb [0],615,614,614,500,114,114,18.56677524,18.56677524,490,124,124,20.19543974,20.19543974
31_8_ru2,U-Net_55_05  xgb [0],638,638,638,526,112,112,17.55485893,17.55485893,507,131,131,20.53291536,20.53291536
31_8_ru3,U-Net_55_05  xgb [1],388,388,388,350,38,38,9.793814433,9.793814433,344,44,44,11.34020619,11.34020619
31ld1,U-Net_55_05  xgb [0],509,506,506,516,-10,10,-1.976284585,1.976284585,506,0,0,0,0
31ld2,U-Net_55_05  xgb [0],520,518,518,483,35,35,6.756756757,6.756756757,471,47,47,9.073359073,9.073359073
31ld3,Light-U-Net_55_1  xgb [2],274,273,273,304,-31,31,-11.35531136,11.35531136,282,-9,9,-3.296703297,3.296703297
31ll1,U-Net_55_05  xgb [0],404,404,404,413,-9,9,-2.227722772,2.227722772,396,8,8,1.98019802,1.98019802
31ll2,U-Net_55_05  xgb [1],378,376,376,412,-36,36,-9.574468085,9.574468085,401,-25,25,-6.64893617,6.64893617
31ll3,U-Net_55_05  xgb [1],326,326,326,362,-36,36,-11.04294479,11.04294479,346,-20,20,-6.134969325,6.134969325
31lr2,Light-U-Net_55_1  xgb [2],168,168,168,205,-37,37,-22.02380952,22.02380952,193,-25,25,-14.88095238,14.88095238
31lu1,U-Net_55_05  xgb [0],486,482,482,427,55,55,11.41078838,11.41078838,417,65,65,13.48547718,13.48547718
31rd1,U-Net_55_05  xgb [0],527,527,527,451,76,76,14.42125237,14.42125237,436,91,91,17.26755218,17.26755218
31rd2,U-Net_55_05  xgb [0],406,402,402,429,-27,27,-6.71641791,6.71641791,417,-15,15,-3.731343284,3.731343284
31rd3,Light-U-Net_55_1  xgb [2],247,247,247,280,-33,33,-13.36032389,13.36032389,253,-6,6,-2.429149798,2.429149798
31rl1,U-Net_55_05  xgb [1],346,338,338,391,-53,53,-15.68047337,15.68047337,383,-45,45,-13.31360947,13.31360947
31rl2,Light-U-Net_55_1  xgb [2],232,239,239,262,-23,23,-9.623430962,9.623430962,250,-11,11,-4.60251046,4.60251046
31rl3,Light-U-Net_55_1  xgb [2],177,177,177,201,-24,24,-13.55932203,13.55932203,182,-5,5,-2.824858757,2.824858757
31rr1,U-Net_55_05  xgb [1],387,384,384,405,-21,21,-5.46875,5.46875,392,-8,8,-2.083333333,2.083333333
31rr3,Light-U-Net_55_1  xgb [2],172,171,171,185,-14,14,-8.187134503,8.187134503,179,-8,8,-4.678362573,4.678362573
31ru1,U-Net_55_05  xgb [1],369,369,369,420,-51,51,-13.82113821,13.82113821,409,-40,40,-10.8401084,10.8401084
31ru2,U-Net_55_05  xgb [0],443,441,441,440,1,1,0.22675737,0.22675737,430,11,11,2.494331066,2.494331066
31ru3,Light-U-Net_55_1  xgb [2],188,186,186,224,-38,38,-20.43010753,20.43010753,205,-19,19,-10.21505376,10.21505376
32ll1,U-Net_55_05  xgb [0],491,494,494,442,52,52,10.52631579,10.52631579,429,65,65,13.15789474,13.15789474
32ll2,U-Net_55_05  xgb [1],373,373,373,368,5,5,1.340482574,1.340482574,357,16,16,4.289544236,4.289544236
32ll3,Light-U-Net_55_1  xgb [2],134,133,133,144,-11,11,-8.270676692,8.270676692,139,-6,6,-4.511278195,4.511278195
32lr1,U-Net_55_05  xgb [0],465,465,465,424,41,41,8.817204301,8.817204301,415,50,50,10.75268817,10.75268817
32lr2,U-Net_55_05  xgb [0],529,529,529,470,59,59,11.15311909,11.15311909,456,73,73,13.79962193,13.79962193
32lr3,Light-U-Net_55_1  xgb [2],281,279,279,277,2,2,0.716845878,0.716845878,268,11,11,3.94265233,3.94265233
32lu1,U-Net_55_05  xgb [0],423,423,423,415,8,8,1.891252955,1.891252955,406,17,17,4.01891253,4.01891253
32rd1,U-Net_55_05  xgb [0],467,467,467,403,64,64,13.70449679,13.70449679,391,76,76,16.27408994,16.27408994
32rd2,U-Net_55_05  xgb [0],441,441,441,372,69,69,15.6462585,15.6462585,367,74,74,16.78004535,16.78004535
32rd3,Light-U-Net_55_1  xgb [2],171,171,171,182,-11,11,-6.432748538,6.432748538,177,-6,6,-3.50877193,3.50877193
32rl1,U-Net_55_05  xgb [0],504,503,503,452,51,51,10.13916501,10.13916501,439,64,64,12.72365805,12.72365805
32rl3,U-Net_55_05  xgb [1],325,325,325,327,-2,2,-0.615384615,0.615384615,319,6,6,1.846153846,1.846153846
32rr1,U-Net_55_05  xgb [0],481,481,481,434,47,47,9.771309771,9.771309771,424,57,57,11.85031185,11.85031185
32rr2,U-Net_55_05  xgb [0],462,460,460,414,46,46,10,10,405,55,55,11.95652174,11.95652174
32ru1,U-Net_55_05  xgb [0],490,490,490,435,55,55,11.2244898,11.2244898,416,74,74,15.10204082,15.10204082
32ru2,U-Net_55_05  xgb [0],486,486,486,439,47,47,9.670781893,9.670781893,431,55,55,11.31687243,11.31687243
32ru3,U-Net_55_05  xgb [1],341,339,339,326,13,13,3.83480826,3.83480826,313,26,26,7.669616519,7.669616519
33_8_ld1,U-Net_55_05  xgb [0],428,428,428,418,10,10,2.336448598,2.336448598,409,19,19,4.439252336,4.439252336
33_8_ld2,U-Net_55_05  xgb [0],408,408,408,411,-3,3,-0.735294118,0.735294118,403,5,5,1.225490196,1.225490196
33_8_ll1,U-Net_55_05  xgb [1],373,373,373,381,-8,8,-2.144772118,2.144772118,371,2,2,0.536193029,0.536193029
33_8_lr2,Light-U-Net_55_1  xgb [2],191,190,190,200,-10,10,-5.263157895,5.263157895,195,-5,5,-2.631578947,2.631578947
33_8_lr3,Light-U-Net_55_1  xgb [2],153,154,154,180,-26,26,-16.88311688,16.88311688,162,-8,8,-5.194805195,5.194805195
33_8_lu2,U-Net_55_05  xgb [0],447,445,445,425,20,20,4.494382022,4.494382022,409,36,36,8.08988764,8.08988764
33_8_lu3,Light-U-Net_55_1  xgb [2],240,239,239,228,11,11,4.60251046,4.60251046,225,14,14,5.857740586,5.857740586
33_8_rd1,U-Net_55_05  xgb [0],414,413,413,413,0,0,0,0,403,10,10,2.421307506,2.421307506
33_8_rd2,U-Net_55_05  xgb [0],453,452,452,453,-1,1,-0.221238938,0.221238938,446,6,6,1.327433628,1.327433628
33_8_rd3,Light-U-Net_55_1  xgb [2],215,215,215,225,-10,10,-4.651162791,4.651162791,213,2,2,0.930232558,0.930232558
33_8_rl1,U-Net_55_05  xgb [0],436,435,435,426,9,9,2.068965517,2.068965517,415,20,20,4.597701149,4.597701149
33_8_rl2,U-Net_55_05  xgb [0],465,459,459,429,30,30,6.535947712,6.535947712,420,39,39,8.496732026,8.496732026
33_8_rl3,Light-U-Net_55_1  xgb [2],232,231,231,233,-2,2,-0.865800866,0.865800866,228,3,3,1.298701299,1.298701299
33_8_rr1,U-Net_55_05  xgb [0],471,471,471,452,19,19,4.033970276,4.033970276,443,28,28,5.944798301,5.944798301
33_8_rr2,Light-U-Net_55_1  xgb [2],268,267,267,262,5,5,1.872659176,1.872659176,251,16,16,5.992509363,5.992509363
33_8_rr3,Light-U-Net_55_1  xgb [2],128,128,128,152,-24,24,-18.75,18.75,147,-19,19,-14.84375,14.84375
33_8_ru1,U-Net_55_05  xgb [0],424,422,422,428,-6,6,-1.421800948,1.421800948,420,2,2,0.473933649,0.473933649
33_8_ru2,U-Net_55_05  xgb [1],363,362,362,377,-15,15,-4.143646409,4.143646409,368,-6,6,-1.657458564,1.657458564
33_8_ru3,Light-U-Net_55_1  xgb [2],272,270,270,289,-19,19,-7.037037037,7.037037037,274,-4,4,-1.481481481,1.481481481
33ld2,U-Net_55_05  xgb [0],493,491,491,476,15,15,3.054989817,3.054989817,468,23,23,4.684317719,4.684317719
33ll1,U-Net_55_05  xgb [0],439,436,436,465,-29,29,-6.651376147,6.651376147,452,-16,16,-3.669724771,3.669724771
33ll2,U-Net_55_05  xgb [0],478,470,469,485,-16,16,-3.411513859,3.411513859,477,-8,8,-1.70575693,1.70575693
33ll3,U-Net_55_05  xgb [0],438,435,435,435,0,0,0,0,429,6,6,1.379310345,1.379310345
33lr2,U-Net_55_05  xgb [0],439,437,437,486,-49,49,-11.21281465,11.21281465,475,-38,38,-8.695652174,8.695652174
33lu1,U-Net_55_05  xgb [1],362,361,361,389,-28,28,-7.756232687,7.756232687,376,-15,15,-4.155124654,4.155124654
33lu2,U-Net_55_05  xgb [1],288,284,284,328,-44,44,-15.49295775,15.49295775,323,-39,39,-13.73239437,13.73239437
33lu3,Light-U-Net_55_1  xgb [2],157,157,157,180,-23,23,-14.64968153,14.64968153,169,-12,12,-7.643312102,7.643312102
33rd1,U-Net_55_05  xgb [0],440,438,438,447,-9,9,-2.054794521,2.054794521,435,3,3,0.684931507,0.684931507
33rd2,U-Net_55_05  xgb [0],430,428,428,484,-56,56,-13.08411215,13.08411215,465,-37,37,-8.644859813,8.644859813
33rd3,U-Net_55_05  xgb [1],295,291,291,329,-38,38,-13.05841924,13.05841924,324,-33,33,-11.34020619,11.34020619
33rl1,U-Net_55_05  xgb [0],441,438,438,449,-11,11,-2.511415525,2.511415525,437,1,1,0.228310502,0.228310502
33rl2,U-Net_55_05  xgb [0],454,452,452,463,-11,11,-2.433628319,2.433628319,452,0,0,0,0
33rl3,U-Net_55_05  xgb [1],332,330,329,352,-23,23,-6.990881459,6.990881459,343,-14,14,-4.255319149,4.255319149
33rr1,U-Net_55_05  xgb [0],408,407,407,444,-37,37,-9.090909091,9.090909091,432,-25,25,-6.142506143,6.142506143
33rr2,U-Net_55_05  xgb [0],421,421,421,429,-8,8,-1.90023753,1.90023753,417,4,4,0.950118765,0.950118765
33ru1,U-Net_55_05  xgb [0],448,447,447,435,12,12,2.684563758,2.684563758,429,18,18,4.026845638,4.026845638
33ru2,U-Net_55_05  xgb [0],420,418,418,442,-24,24,-5.741626794,5.741626794,431,-13,13,-3.110047847,3.110047847
33ru3,Light-U-Net_55_1  xgb [2],231,241,241,253,-12,12,-4.979253112,4.979253112,236,5,5,2.074688797,2.074688797
34_8_ld1,U-Net_55_05  xgb [1],392,391,392,390,2,2,0.510204082,0.510204082,380,12,12,3.06122449,3.06122449
34_8_ld3,U-Net_55_05  xgb [1],287,287,287,301,-14,14,-4.87804878,4.87804878,294,-7,7,-2.43902439,2.43902439
34_8_ll1,U-Net_55_05  xgb [0],441,443,443,457,-14,14,-3.16027088,3.16027088,439,4,4,0.902934537,0.902934537
34_8_ll2,U-Net_55_05  xgb [1],357,356,356,382,-26,26,-7.303370787,7.303370787,367,-11,11,-3.08988764,3.08988764
34_8_ll3,Light-U-Net_55_1  xgb [2],251,252,252,271,-19,19,-7.53968254,7.53968254,256,-4,4,-1.587301587,1.587301587
34_8_lr1,U-Net_55_05  xgb [0],474,474,474,468,6,6,1.265822785,1.265822785,458,16,16,3.375527426,3.375527426
34_8_lr3,Light-U-Net_55_1  xgb [2],258,257,257,266,-9,9,-3.501945525,3.501945525,259,-2,2,-0.778210117,0.778210117
34_8_lu2,U-Net_55_05  xgb [0],430,429,429,436,-7,7,-1.631701632,1.631701632,424,5,5,1.165501166,1.165501166
34_8_rd2,U-Net_55_05  xgb [0],406,404,404,403,1,1,0.247524752,0.247524752,398,6,6,1.485148515,1.485148515
34_8_rd3,Light-U-Net_55_1  xgb [2],191,191,191,220,-29,29,-15.18324607,15.18324607,206,-15,15,-7.853403141,7.853403141
34_8_rl2,U-Net_55_05  xgb [0],424,423,423,407,16,16,3.78250591,3.78250591,396,27,27,6.382978723,6.382978723
34_8_rl3,U-Net_55_05  xgb [1],316,314,314,339,-25,25,-7.961783439,7.961783439,324,-10,10,-3.184713376,3.184713376
34_8_rr1,U-Net_55_05  xgb [0],421,421,421,428,-7,7,-1.662707838,1.662707838,411,10,10,2.375296912,2.375296912
34_8_rr2,U-Net_55_05  xgb [1],342,341,341,354,-13,13,-3.812316716,3.812316716,346,-5,5,-1.46627566,1.46627566
34_8_rr3,U-Net_55_05  xgb [1],283,282,282,314,-32,32,-11.34751773,11.34751773,302,-20,20,-7.092198582,7.092198582
34_8_ru1,U-Net_55_05  xgb [0],401,408,408,413,-5,5,-1.225490196,1.225490196,405,3,3,0.735294118,0.735294118
34_8_ru2,Light-U-Net_55_1  xgb [2],261,261,261,281,-20,20,-7.662835249,7.662835249,262,-1,1,-0.383141762,0.383141762
34_8_ru3,U-Net_55_05  xgb [0],412,411,411,418,-7,7,-1.703163017,1.703163017,410,1,1,0.243309002,0.243309002
34ld3,Light-U-Net_55_1  xgb [2],227,227,227,192,35,35,15.4185022,15.4185022,183,44,44,19.38325991,19.38325991
34lr2,U-Net_55_05  xgb [1],355,352,352,366,-14,14,-3.977272727,3.977272727,356,-4,4,-1.136363636,1.136363636
34lr3,Light-U-Net_55_1  xgb [2],134,135,135,149,-14,14,-10.37037037,10.37037037,146,-11,11,-8.148148148,8.148148148
34rd1,U-Net_55_05  xgb [0],404,400,400,326,74,74,18.5,18.5,317,83,83,20.75,20.75
34rd2,U-Net_55_05  xgb [1],297,295,295,303,-8,8,-2.711864407,2.711864407,298,-3,3,-1.016949153,1.016949153
34rd3,Light-U-Net_55_1  xgb [2],146,146,146,175,-29,29,-19.8630137,19.8630137,158,-12,12,-8.219178082,8.219178082
34rl1,U-Net_55_05  xgb [1],394,393,393,412,-19,19,-4.834605598,4.834605598,398,-5,5,-1.272264631,1.272264631
34rl2,U-Net_55_05  xgb [1],390,388,388,375,13,13,3.350515464,3.350515464,371,17,17,4.381443299,4.381443299
34rl3,Light-U-Net_55_1  xgb [2],256,256,256,265,-9,9,-3.515625,3.515625,249,7,7,2.734375,2.734375
34rr1,U-Net_55_05  xgb [1],395,392,392,416,-24,24,-6.12244898,6.12244898,401,-9,9,-2.295918367,2.295918367
34rr2,U-Net_55_05  xgb [1],386,381,381,365,16,16,4.199475066,4.199475066,353,28,28,7.349081365,7.349081365
34ru2,U-Net_55_05  xgb [0],405,401,401,433,-32,32,-7.980049875,7.980049875,423,-22,22,-5.486284289,5.486284289
34ru3,U-Net_55_05  xgb [1],287,287,287,292,-5,5,-1.742160279,1.742160279,285,2,2,0.696864111,0.696864111
35_8_ld1,U-Net_55_05  xgb [0],417,414,414,416,-2,2,-0.483091787,0.483091787,408,6,6,1.449275362,1.449275362
35_8_ld2,U-Net_55_05  xgb [0],432,431,431,428,3,3,0.696055684,0.696055684,417,14,14,3.248259861,3.248259861
35_8_ld3,Light-U-Net_55_1  xgb [2],237,237,237,240,-3,3,-1.265822785,1.265822785,231,6,6,2.53164557,2.53164557
35_8_ll1,U-Net_55_05  xgb [0],419,417,417,410,7,7,1.678657074,1.678657074,401,16,16,3.836930456,3.836930456
35_8_ll2,Light-U-Net_55_1  xgb [2],265,265,265,269,-4,4,-1.509433962,1.509433962,256,9,9,3.396226415,3.396226415
35_8_ll3,Light-U-Net_55_1  xgb [2],127,126,126,149,-23,23,-18.25396825,18.25396825,138,-12,12,-9.523809524,9.523809524
35_8_lr1,U-Net_55_05  xgb [0],433,435,435,425,10,10,2.298850575,2.298850575,415,20,20,4.597701149,4.597701149
35_8_lr2,U-Net_55_05  xgb [0],416,416,416,425,-9,9,-2.163461538,2.163461538,416,0,0,0,0
35_8_lr3,Light-U-Net_55_1  xgb [2],194,194,194,211,-17,17,-8.762886598,8.762886598,200,-6,6,-3.092783505,3.092783505
35_8_lu3,U-Net_55_05  xgb [1],296,295,295,300,-5,5,-1.694915254,1.694915254,290,5,5,1.694915254,1.694915254
35_8_rd1,U-Net_55_05  xgb [0],438,437,438,442,-4,4,-0.913242009,0.913242009,432,6,6,1.369863014,1.369863014
35_8_rd2,U-Net_55_05  xgb [0],441,439,439,436,3,3,0.683371298,0.683371298,421,18,18,4.10022779,4.10022779
35_8_rd3,U-Net_55_05  xgb [1],352,351,351,356,-5,5,-1.424501425,1.424501425,340,11,11,3.133903134,3.133903134
35_8_rl1,U-Net_55_05  xgb [0],444,441,441,412,29,29,6.575963719,6.575963719,403,38,38,8.616780045,8.616780045
35_8_rl2,U-Net_55_05  xgb [0],431,431,431,407,24,24,5.568445476,5.568445476,396,35,35,8.120649652,8.120649652
35_8_rl3,Light-U-Net_55_1  xgb [2],260,260,260,271,-11,11,-4.230769231,4.230769231,256,4,4,1.538461538,1.538461538
35_8_rr1,U-Net_55_05  xgb [0],430,428,428,419,9,9,2.102803738,2.102803738,412,16,16,3.738317757,3.738317757
35_8_rr2,U-Net_55_05  xgb [1],380,378,378,378,0,0,0,0,360,18,18,4.761904762,4.761904762
35_8_rr3,Light-U-Net_55_1  xgb [2],121,120,120,135,-15,15,-12.5,12.5,128,-8,8,-6.666666667,6.666666667
35_8_ru1,U-Net_55_05  xgb [0],433,433,433,411,22,22,5.080831409,5.080831409,402,31,31,7.159353349,7.159353349
35_8_ru2,U-Net_55_05  xgb [0],411,407,407,416,-9,9,-2.211302211,2.211302211,397,10,10,2.457002457,2.457002457
35_8_ru3,Light-U-Net_55_1  xgb [2],273,272,272,293,-21,21,-7.720588235,7.720588235,285,-13,13,-4.779411765,4.779411765
35ld1,U-Net_55_05  xgb [0],444,450,450,445,5,5,1.111111111,1.111111111,439,11,11,2.444444444,2.444444444
35ld2,U-Net_55_05  xgb [1],324,322,322,364,-42,42,-13.04347826,13.04347826,352,-30,30,-9.316770186,9.316770186
35ll1,U-Net_55_05  xgb [0],502,499,499,473,26,26,5.210420842,5.210420842,459,40,40,8.016032064,8.016032064
35ll2,Light-U-Net_55_1  xgb [2],251,250,250,188,62,62,24.8,24.8,183,67,67,26.8,26.8
35ll3,Light-U-Net_55_1  xgb [2],160,160,160,177,-17,17,-10.625,10.625,166,-6,6,-3.75,3.75
35lr1,U-Net_55_05  xgb [1],363,359,359,396,-37,37,-10.30640669,10.30640669,386,-27,27,-7.520891365,7.520891365
35lr2,U-Net_55_05  xgb [0],425,423,423,396,27,27,6.382978723,6.382978723,381,42,42,9.929078014,9.929078014
35lr3,U-Net_55_05  xgb [1],316,316,316,344,-28,28,-8.860759494,8.860759494,339,-23,23,-7.278481013,7.278481013
35lu2,U-Net_55_05  xgb [0],507,505,506,497,9,9,1.778656126,1.778656126,481,25,25,4.940711462,4.940711462
35lu3,Light-U-Net_55_1  xgb [2],204,202,202,228,-26,26,-12.87128713,12.87128713,219,-17,17,-8.415841584,8.415841584
35rd3,Light-U-Net_55_1  xgb [2],234,223,223,251,-28,28,-12.55605381,12.55605381,240,-17,17,-7.623318386,7.623318386
35rl1,U-Net_55_05  xgb [0],421,422,422,386,36,36,8.530805687,8.530805687,377,45,45,10.66350711,10.66350711
35rl2,Light-U-Net_55_1  xgb [2],264,261,261,289,-28,28,-10.72796935,10.72796935,278,-17,17,-6.513409962,6.513409962
35rr1,U-Net_55_05  xgb [1],323,322,322,386,-64,64,-19.8757764,19.8757764,377,-55,55,-17.08074534,17.08074534
35rr3,Light-U-Net_55_1  xgb [2],240,243,243,270,-27,27,-11.11111111,11.11111111,255,-12,12,-4.938271605,4.938271605
35ru1,U-Net_55_05  xgb [0],426,422,422,433,-11,11,-2.606635071,2.606635071,428,-6,6,-1.421800948,1.421800948
35ru2,U-Net_55_05  xgb [1],367,365,365,421,-56,56,-15.34246575,15.34246575,407,-42,42,-11.50684932,11.50684932
35ru3,U-Net_55_05  xgb [1],322,322,322,394,-72,72,-22.36024845,22.36024845,381,-59,59,-18.32298137,18.32298137
36_8_ld1,U-Net_55_05  xgb [0],464,463,463,453,10,10,2.159827214,2.159827214,445,18,18,3.887688985,3.887688985
36_8_ld2,U-Net_55_05  xgb [1],329,329,329,361,-32,32,-9.726443769,9.726443769,352,-23,23,-6.990881459,6.990881459
36_8_ld3,Light-U-Net_55_1  xgb [2],268,265,265,284,-19,19,-7.169811321,7.169811321,259,6,6,2.264150943,2.264150943
36_8_ll2,U-Net_55_05  xgb [1],302,303,303,310,-7,7,-2.310231023,2.310231023,304,-1,1,-0.330033003,0.330033003
36_8_ll3,Light-U-Net_55_1  xgb [2],166,168,168,181,-13,13,-7.738095238,7.738095238,174,-6,6,-3.571428571,3.571428571
36_8_lr2,U-Net_55_05  xgb [1],377,376,376,449,-73,73,-19.41489362,19.41489362,438,-62,62,-16.4893617,16.4893617
36_8_lr3,Light-U-Net_55_1  xgb [2],268,266,266,275,-9,9,-3.383458647,3.383458647,270,-4,4,-1.503759398,1.503759398
36_8_lu2,U-Net_55_05  xgb [1],354,350,351,423,-72,72,-20.51282051,20.51282051,410,-59,59,-16.80911681,16.80911681
36_8_lu3,U-Net_55_05  xgb [1],306,304,304,308,-4,4,-1.315789474,1.315789474,302,2,2,0.657894737,0.657894737
36_8_rd1,U-Net_55_05  xgb [0],421,418,418,405,13,13,3.110047847,3.110047847,393,25,25,5.980861244,5.980861244
36_8_rd2,Light-U-Net_55_1  xgb [2],245,244,244,257,-13,13,-5.327868852,5.327868852,248,-4,4,-1.639344262,1.639344262
36_8_rd3,Light-U-Net_55_1  xgb [2],153,153,153,182,-29,29,-18.95424837,18.95424837,168,-15,15,-9.803921569,9.803921569
36_8_rl3,Light-U-Net_55_1  xgb [2],139,139,139,161,-22,22,-15.82733813,15.82733813,154,-15,15,-10.79136691,10.79136691
36_8_rr3,Light-U-Net_55_1  xgb [2],247,247,247,259,-12,12,-4.858299595,4.858299595,248,-1,1,-0.4048583,0.4048583
36ld1,Light-U-Net_55_1  xgb [2],269,271,271,314,-43,43,-15.86715867,15.86715867,299,-28,28,-10.33210332,10.33210332
36ld2,U-Net_55_05  xgb [1],283,282,282,299,-17,17,-6.028368794,6.028368794,295,-13,13,-4.609929078,4.609929078
36ll1,Light-U-Net_55_1  xgb [2],182,182,182,192,-10,10,-5.494505495,5.494505495,187,-5,5,-2.747252747,2.747252747
36ll2,Light-U-Net_55_1  xgb [2],154,154,154,184,-30,30,-19.48051948,19.48051948,166,-12,12,-7.792207792,7.792207792
36lr2,Light-U-Net_55_1  xgb [2],122,122,122,147,-25,25,-20.49180328,20.49180328,141,-19,19,-15.57377049,15.57377049
36lr3,Light-U-Net_55_1  xgb [2],82,82,82,120,-38,38,-46.34146341,46.34146341,112,-30,30,-36.58536585,36.58536585
36lu1,U-Net_55_05  xgb [1],296,294,294,313,-19,19,-6.462585034,6.462585034,305,-11,11,-3.741496599,3.741496599
36lu2,U-Net_55_05  xgb [1],345,343,343,353,-10,10,-2.915451895,2.915451895,346,-3,3,-0.874635569,0.874635569
36rd1,U-Net_55_05  xgb [0],409,404,404,361,43,43,10.64356436,10.64356436,354,50,50,12.37623762,12.37623762
36rd2,Light-U-Net_55_1  xgb [2],146,145,145,180,-35,35,-24.13793103,24.13793103,169,-24,24,-16.55172414,16.55172414
36rr1,U-Net_55_05  xgb [0],414,413,413,400,13,13,3.147699758,3.147699758,391,22,22,5.326876513,5.326876513
36rr2,U-Net_55_05  xgb [1],329,329,329,294,35,35,10.63829787,10.63829787,289,40,40,12.15805471,12.15805471
36rr3,Light-U-Net_55_1  xgb [2],103,103,103,163,-60,60,-58.25242718,58.25242718,157,-54,54,-52.42718447,52.42718447
36ru1,U-Net_55_05  xgb [1],357,354,354,367,-13,13,-3.672316384,3.672316384,362,-8,8,-2.259887006,2.259887006
37_8_ll2,U-Net_55_05  xgb [1],350,347,347,359,-12,12,-3.458213256,3.458213256,344,3,3,0.864553314,0.864553314
37_8_ll3,Light-U-Net_55_1  xgb [2],228,228,228,236,-8,8,-3.50877193,3.50877193,224,4,4,1.754385965,1.754385965
37_8_lr1,U-Net_55_05  xgb [1],395,394,394,393,1,1,0.253807107,0.253807107,385,9,9,2.284263959,2.284263959
37_8_rd3,Light-U-Net_55_1  xgb [2],193,193,192,234,-42,42,-21.875,21.875,224,-32,32,-16.66666667,16.66666667
37_8_rr3,Light-U-Net_55_1  xgb [2],264,264,264,277,-13,13,-4.924242424,4.924242424,267,-3,3,-1.136363636,1.136363636
37_8_ru3,U-Net_55_05  xgb [1],311,309,309,327,-18,18,-5.825242718,5.825242718,321,-12,12,-3.883495146,3.883495146
37ld1,U-Net_55_05  xgb [1],330,329,329,315,14,14,4.255319149,4.255319149,306,23,23,6.990881459,6.990881459
37ld3,Light-U-Net_55_1  xgb [2],256,256,256,263,-7,7,-2.734375,2.734375,247,9,9,3.515625,3.515625
37ll1,U-Net_55_05  xgb [1],363,360,359,341,18,18,5.013927577,5.013927577,330,29,29,8.077994429,8.077994429
37ll3,Light-U-Net_55_1  xgb [2],192,192,192,203,-11,11,-5.729166667,5.729166667,194,-2,2,-1.041666667,1.041666667
37lu3,Light-U-Net_55_1  xgb [2],221,221,221,257,-36,36,-16.28959276,16.28959276,244,-23,23,-10.40723982,10.40723982
37rd1,U-Net_55_05  xgb [1],397,396,396,428,-32,32,-8.080808081,8.080808081,420,-24,24,-6.060606061,6.060606061
37rd3,Light-U-Net_55_1  xgb [2],125,125,125,139,-14,14,-11.2,11.2,138,-13,13,-10.4,10.4
37rl1,U-Net_55_05  xgb [1],362,362,362,418,-56,56,-15.46961326,15.46961326,408,-46,46,-12.70718232,12.70718232
37rl2,U-Net_55_05  xgb [0],432,432,432,446,-14,14,-3.240740741,3.240740741,434,-2,2,-0.462962963,0.462962963
37rl3,U-Net_55_05  xgb [1],284,283,283,342,-59,59,-20.84805654,20.84805654,328,-45,45,-15.90106007,15.90106007
37rr1,U-Net_55_05  xgb [0],459,457,457,424,33,33,7.221006565,7.221006565,421,36,36,7.877461707,7.877461707
37ru1,U-Net_55_05  xgb [0],464,460,460,455,5,5,1.086956522,1.086956522,443,17,17,3.695652174,3.695652174
37ru3,Light-U-Net_55_1  xgb [2],232,232,232,267,-35,35,-15.0862069,15.0862069,254,-22,22,-9.482758621,9.482758621
38_8_ld3,Light-U-Net_55_1  xgb [2],98,98,98,110,-12,12,-12.24489796,12.24489796,105,-7,7,-7.142857143,7.142857143
38_8_ll1,U-Net_55_05  xgb [0],406,406,406,431,-25,25,-6.157635468,6.157635468,419,-13,13,-3.201970443,3.201970443
38_8_ll2,U-Net_55_05  xgb [1],334,333,333,358,-25,25,-7.507507508,7.507507508,351,-18,18,-5.405405405,5.405405405
38_8_lr1,U-Net_55_05  xgb [1],385,385,385,392,-7,7,-1.818181818,1.818181818,383,2,2,0.519480519,0.519480519
38_8_lr2,U-Net_55_05  xgb [1],391,387,387,407,-20,20,-5.167958656,5.167958656,397,-10,10,-2.583979328,2.583979328
38_8_lu1,U-Net_55_05  xgb [1],374,373,373,374,-1,1,-0.268096515,0.268096515,365,8,8,2.144772118,2.144772118
38_8_lu2,Light-U-Net_55_1  xgb [2],245,245,245,258,-13,13,-5.306122449,5.306122449,245,0,0,0,0
38_8_lu3,Light-U-Net_55_1  xgb [2],26,26,26,38,-12,12,-46.15384615,46.15384615,35,-9,9,-34.61538462,34.61538462
38_8_rd1,U-Net_55_05  xgb [0],440,442,442,436,6,6,1.357466063,1.357466063,420,22,22,4.977375566,4.977375566
38_8_rd2,U-Net_55_05  xgb [0],410,410,411,403,8,8,1.946472019,1.946472019,395,16,16,3.892944039,3.892944039
38_8_rd3,Light-U-Net_55_1  xgb [2],281,280,280,279,1,1,0.357142857,0.357142857,274,6,6,2.142857143,2.142857143
38_8_rl1,U-Net_55_05  xgb [0],480,478,478,477,1,1,0.209205021,0.209205021,463,15,15,3.138075314,3.138075314
38_8_rl2,Light-U-Net_55_1  xgb [2],255,253,253,264,-11,11,-4.347826087,4.347826087,251,2,2,0.790513834,0.790513834
38_8_rr1,U-Net_55_05  xgb [0],431,430,430,429,1,1,0.23255814,0.23255814,414,16,16,3.720930233,3.720930233
38_8_rr2,U-Net_55_05  xgb [0],408,408,408,413,-5,5,-1.225490196,1.225490196,405,3,3,0.735294118,0.735294118
38_8_rr3,Light-U-Net_55_1  xgb [2],234,233,233,246,-13,13,-5.579399142,5.579399142,235,-2,2,-0.858369099,0.858369099
38_8_ru1,U-Net_55_05  xgb [0],428,427,427,439,-12,12,-2.81030445,2.81030445,425,2,2,0.468384075,0.468384075
38_8_ru2,U-Net_55_05  xgb [0],479,479,479,480,-1,1,-0.208768267,0.208768267,472,7,7,1.461377871,1.461377871
38_8_ru3,U-Net_55_05  xgb [1],284,284,284,307,-23,23,-8.098591549,8.098591549,295,-11,11,-3.873239437,3.873239437
38ld2,U-Net_55_05  xgb [1],384,383,383,423,-40,40,-10.44386423,10.44386423,412,-29,29,-7.571801567,7.571801567
38ll1,U-Net_55_05  xgb [0],429,426,426,417,9,9,2.112676056,2.112676056,402,24,24,5.633802817,5.633802817
38ll2,U-Net_55_05  xgb [0],424,422,422,446,-24,24,-5.687203791,5.687203791,437,-15,15,-3.55450237,3.55450237
38ll3,Light-U-Net_55_1  xgb [2],241,240,240,221,19,19,7.916666667,7.916666667,212,28,28,11.66666667,11.66666667
38lr1,U-Net_55_05  xgb [0],474,472,472,465,7,7,1.483050847,1.483050847,451,21,21,4.449152542,4.449152542
38lr2,Light-U-Net_55_1  xgb [2],242,240,240,181,59,59,24.58333333,24.58333333,177,63,63,26.25,26.25
38lr3,Light-U-Net_55_1  xgb [2],143,143,143,176,-33,33,-23.07692308,23.07692308,168,-25,25,-17.48251748,17.48251748
38lu1,U-Net_55_05  xgb [0],406,405,405,436,-31,31,-7.654320988,7.654320988,421,-16,16,-3.950617284,3.950617284
38lu3,Light-U-Net_55_1  xgb [2],188,187,187,213,-26,26,-13.90374332,13.90374332,201,-14,14,-7.486631016,7.486631016
38rd1,U-Net_55_05  xgb [0],441,439,439,438,1,1,0.227790433,0.227790433,424,15,15,3.416856492,3.416856492
38rd3,Light-U-Net_55_1  xgb [2],167,167,167,251,-84,84,-50.2994012,50.2994012,228,-61,61,-36.52694611,36.52694611
38rl2,U-Net_55_05  xgb [0],415,414,414,449,-35,35,-8.45410628,8.45410628,438,-24,24,-5.797101449,5.797101449
38rl3,U-Net_55_05  xgb [1],298,296,296,367,-71,71,-23.98648649,23.98648649,357,-61,61,-20.60810811,20.60810811
38rr1,U-Net_55_05  xgb [0],456,456,456,449,7,7,1.535087719,1.535087719,436,20,20,4.385964912,4.385964912
38rr2,Light-U-Net_55_1  xgb [2],275,275,275,304,-29,29,-10.54545455,10.54545455,288,-13,13,-4.727272727,4.727272727
38rr3,Light-U-Net_55_1  xgb [2],252,252,252,239,13,13,5.158730159,5.158730159,223,29,29,11.50793651,11.50793651
38ru3,U-Net_55_05  xgb [1],296,295,295,314,-19,19,-6.440677966,6.440677966,307,-12,12,-4.06779661,4.06779661
39ld2,U-Net_55_05  xgb [1],365,366,366,378,-12,12,-3.278688525,3.278688525,369,-3,3,-0.819672131,0.819672131
39ld3,Light-U-Net_55_1  xgb [2],187,185,185,214,-29,29,-15.67567568,15.67567568,201,-16,16,-8.648648649,8.648648649
39ll2,U-Net_55_05  xgb [1],332,330,330,404,-74,74,-22.42424242,22.42424242,389,-59,59,-17.87878788,17.87878788
39ll3,U-Net_55_05  xgb [1],290,291,291,284,7,7,2.405498282,2.405498282,277,14,14,4.810996564,4.810996564
39lr1,U-Net_55_05  xgb [1],385,383,383,380,3,3,0.783289817,0.783289817,367,16,16,4.177545692,4.177545692
39lr2,U-Net_55_05  xgb [0],410,408,408,375,33,33,8.088235294,8.088235294,367,41,41,10.04901961,10.04901961
39lu2,U-Net_55_05  xgb [0],435,434,434,316,118,118,27.18894009,27.18894009,306,128,128,29.49308756,29.49308756
39rd1,U-Net_55_05  xgb [0],440,439,439,445,-6,6,-1.366742597,1.366742597,431,8,8,1.822323462,1.822323462
39rd3,Light-U-Net_55_1  xgb [2],207,206,206,236,-30,30,-14.5631068,14.5631068,218,-12,12,-5.825242718,5.825242718
39rl1,U-Net_55_05  xgb [0],487,483,483,446,37,37,7.660455487,7.660455487,436,47,47,9.730848861,9.730848861
39rl2,U-Net_55_05  xgb [0],500,500,500,346,154,154,30.8,30.8,339,161,161,32.2,32.2
39rl3,U-Net_55_05  xgb [1],314,313,313,360,-47,47,-15.01597444,15.01597444,351,-38,38,-12.14057508,12.14057508
39rr1,U-Net_55_05  xgb [0],455,449,449,395,54,54,12.02672606,12.02672606,384,65,65,14.4766147,14.4766147
39rr3,Light-U-Net_55_1  xgb [2],210,207,207,240,-33,33,-15.94202899,15.94202899,225,-18,18,-8.695652174,8.695652174
39ru1,U-Net_55_05  xgb [0],477,474,475,427,48,48,10.10526316,10.10526316,413,62,62,13.05263158,13.05263158
39ru2,U-Net_55_05  xgb [0],483,479,479,422,57,57,11.89979123,11.89979123,406,73,73,15.24008351,15.24008351
39ru3,U-Net_55_05  xgb [1],318,318,318,302,16,16,5.031446541,5.031446541,292,26,26,8.176100629,8.176100629
3ld1,U-Net_55_05  xgb [1],314,312,312,342,-30,30,-9.615384615,9.615384615,324,-12,12,-3.846153846,3.846153846
3ll2,U-Net_55_05  xgb [1],366,362,362,341,21,21,5.801104972,5.801104972,330,32,32,8.839779006,8.839779006
3ll3,U-Net_55_05  xgb [1],293,291,291,305,-14,14,-4.810996564,4.810996564,293,-2,2,-0.687285223,0.687285223
3lr1,U-Net_55_05  xgb [1],362,357,357,351,6,6,1.680672269,1.680672269,336,21,21,5.882352941,5.882352941
3lr2,Light-U-Net_55_1  xgb [2],267,267,267,269,-2,2,-0.74906367,0.74906367,251,16,16,5.992509363,5.992509363
3lr3,Light-U-Net_55_1  xgb [2],113,112,112,136,-24,24,-21.42857143,21.42857143,129,-17,17,-15.17857143,15.17857143
3lu1,Light-U-Net_55_1  xgb [2],275,275,275,275,0,0,0,0,263,12,12,4.363636364,4.363636364
3lu2,U-Net_55_05  xgb [1],294,290,290,316,-26,26,-8.965517241,8.965517241,314,-24,24,-8.275862069,8.275862069
3lu3,Light-U-Net_55_1  xgb [2],142,140,140,162,-22,22,-15.71428571,15.71428571,156,-16,16,-11.42857143,11.42857143
3rd1,U-Net_55_05  xgb [0],413,408,408,381,27,27,6.617647059,6.617647059,372,36,36,8.823529412,8.823529412
3rd2,U-Net_55_05  xgb [0],446,442,442,414,28,28,6.334841629,6.334841629,401,41,41,9.2760181,9.2760181
3rl1,U-Net_55_05  xgb [1],349,340,340,354,-14,14,-4.117647059,4.117647059,350,-10,10,-2.941176471,2.941176471
3rl2,U-Net_55_05  xgb [1],377,377,377,372,5,5,1.326259947,1.326259947,364,13,13,3.448275862,3.448275862
3rl3,Light-U-Net_55_1  xgb [2],254,253,253,270,-17,17,-6.719367589,6.719367589,255,-2,2,-0.790513834,0.790513834
3rr1,U-Net_55_05  xgb [1],399,398,398,384,14,14,3.51758794,3.51758794,372,26,26,6.532663317,6.532663317
3rr2,Light-U-Net_55_1  xgb [2],239,236,236,243,-7,7,-2.966101695,2.966101695,234,2,2,0.847457627,0.847457627
3rr3,Light-U-Net_55_1  xgb [2],162,159,159,179,-20,20,-12.57861635,12.57861635,172,-13,13,-8.176100629,8.176100629
3ru1,U-Net_55_05  xgb [1],398,394,394,399,-5,5,-1.269035533,1.269035533,387,7,7,1.776649746,1.776649746
3ru3,U-Net_55_05  xgb [1],287,281,281,302,-21,21,-7.473309609,7.473309609,295,-14,14,-4.982206406,4.982206406
40ld1,U-Net_55_05  xgb [0],419,417,417,432,-15,15,-3.597122302,3.597122302,421,-4,4,-0.959232614,0.959232614
40ld3,Light-U-Net_55_1  xgb [2],213,213,213,230,-17,17,-7.981220657,7.981220657,221,-8,8,-3.755868545,3.755868545
40ll2,Light-U-Net_55_1  xgb [2],224,223,223,232,-9,9,-4.035874439,4.035874439,216,7,7,3.139013453,3.139013453
40ll3,Light-U-Net_55_1  xgb [2],180,180,180,203,-23,23,-12.77777778,12.77777778,189,-9,9,-5,5
40lr2,U-Net_55_05  xgb [1],333,333,333,423,-90,90,-27.02702703,27.02702703,406,-73,73,-21.92192192,21.92192192
40lr3,Light-U-Net_55_1  xgb [2],169,169,169,178,-9,9,-5.325443787,5.325443787,169,0,0,0,0
40lu1,U-Net_55_05  xgb [1],353,350,350,390,-40,40,-11.42857143,11.42857143,381,-31,31,-8.857142857,8.857142857
40lu2,U-Net_55_05  xgb [1],398,396,396,425,-29,29,-7.323232323,7.323232323,412,-16,16,-4.04040404,4.04040404
40lu3,Light-U-Net_55_1  xgb [2],252,251,251,291,-40,40,-15.93625498,15.93625498,263,-12,12,-4.780876494,4.780876494
40rd2,U-Net_55_05  xgb [0],406,406,406,391,15,15,3.694581281,3.694581281,385,21,21,5.172413793,5.172413793
40rl2,U-Net_55_05  xgb [0],456,454,454,398,56,56,12.33480176,12.33480176,385,69,69,15.19823789,15.19823789
40rl3,U-Net_55_05  xgb [1],299,299,299,337,-38,38,-12.7090301,12.7090301,333,-34,34,-11.37123746,11.37123746
40rr1,U-Net_55_05  xgb [0],447,446,446,334,112,112,25.11210762,25.11210762,324,122,122,27.35426009,27.35426009
40rr2,U-Net_55_05  xgb [1],292,290,290,263,27,27,9.310344828,9.310344828,259,31,31,10.68965517,10.68965517
40ru2,U-Net_55_05  xgb [0],412,411,411,384,27,27,6.569343066,6.569343066,372,39,39,9.489051095,9.489051095
41_8_ld1,U-Net_55_05  xgb [0],501,501,502,489,13,13,2.589641434,2.589641434,470,32,32,6.374501992,6.374501992
41_8_ld2,U-Net_55_05  xgb [0],486,485,485,477,8,8,1.649484536,1.649484536,462,23,23,4.742268041,4.742268041
41_8_ld3,U-Net_55_05  xgb [1],297,297,297,318,-21,21,-7.070707071,7.070707071,305,-8,8,-2.693602694,2.693602694
41_8_ll1,U-Net_55_05  xgb [1],367,364,364,372,-8,8,-2.197802198,2.197802198,360,4,4,1.098901099,1.098901099
41_8_ll3,Light-U-Net_55_1  xgb [2],127,125,125,151,-26,26,-20.8,20.8,142,-17,17,-13.6,13.6
41_8_lr1,U-Net_55_05  xgb [0],512,510,509,473,36,36,7.072691552,7.072691552,462,47,47,9.233791749,9.233791749
41_8_lr2,U-Net_55_05  xgb [0],511,509,509,479,30,30,5.893909627,5.893909627,467,42,42,8.251473477,8.251473477
41_8_lr3,U-Net_55_05  xgb [1],314,313,313,326,-13,13,-4.153354633,4.153354633,321,-8,8,-2.555910543,2.555910543
41_8_lu2,U-Net_55_05  xgb [0],500,497,497,475,22,22,4.426559356,4.426559356,459,38,38,7.645875252,7.645875252
41_8_lu3,U-Net_55_05  xgb [1],320,319,319,339,-20,20,-6.269592476,6.269592476,323,-4,4,-1.253918495,1.253918495
41_8_rd1,U-Net_55_05  xgb [0],500,500,500,471,29,29,5.8,5.8,460,40,40,8,8
41_8_rd2,U-Net_55_05  xgb [0],452,452,452,449,3,3,0.663716814,0.663716814,435,17,17,3.761061947,3.761061947
41_8_rd3,U-Net_55_05  xgb [1],316,315,315,349,-34,34,-10.79365079,10.79365079,339,-24,24,-7.619047619,7.619047619
41_8_rl1,U-Net_55_05  xgb [0],500,499,499,481,18,18,3.607214429,3.607214429,459,40,40,8.016032064,8.016032064
41_8_rl3,Light-U-Net_55_1  xgb [2],136,135,135,159,-24,24,-17.77777778,17.77777778,147,-12,12,-8.888888889,8.888888889
41_8_rr1,U-Net_55_05  xgb [0],474,473,473,443,30,30,6.342494715,6.342494715,438,35,35,7.399577167,7.399577167
41_8_rr2,U-Net_55_05  xgb [0],502,501,501,478,23,23,4.590818363,4.590818363,467,34,34,6.786427146,6.786427146
41_8_rr3,U-Net_55_05  xgb [1],324,323,323,330,-7,7,-2.167182663,2.167182663,323,0,0,0,0
41_8_ru1,U-Net_55_05  xgb [0],466,464,464,476,-12,12,-2.586206897,2.586206897,461,3,3,0.646551724,0.646551724
41_8_ru2,U-Net_55_05  xgb [0],561,561,561,554,7,7,1.247771836,1.247771836,534,27,27,4.812834225,4.812834225
41_8_ru3,Light-U-Net_55_1  xgb [2],206,206,206,226,-20,20,-9.708737864,9.708737864,214,-8,8,-3.883495146,3.883495146
42_8_ld1,U-Net_55_05  xgb [0],418,418,418,390,28,28,6.698564593,6.698564593,376,42,42,10.04784689,10.04784689
42_8_ld2,U-Net_55_05  xgb [0],435,434,434,420,14,14,3.225806452,3.225806452,404,30,30,6.912442396,6.912442396
42_8_ld3,Light-U-Net_55_1  xgb [2],277,277,277,280,-3,3,-1.083032491,1.083032491,265,12,12,4.332129964,4.332129964
42_8_ll1,U-Net_55_05  xgb [0],453,453,453,436,17,17,3.752759382,3.752759382,425,28,28,6.181015453,6.181015453
42_8_ll3,Light-U-Net_55_1  xgb [2],198,197,197,199,-2,2,-1.015228426,1.015228426,195,2,2,1.015228426,1.015228426
42_8_lr1,U-Net_55_05  xgb [1],397,397,397,385,12,12,3.022670025,3.022670025,370,27,27,6.801007557,6.801007557
42_8_lr2,U-Net_55_05  xgb [1],348,348,348,358,-10,10,-2.873563218,2.873563218,351,-3,3,-0.862068966,0.862068966
42_8_lr3,Light-U-Net_55_1  xgb [2],213,212,212,232,-20,20,-9.433962264,9.433962264,224,-12,12,-5.660377358,5.660377358
42_8_lu1,U-Net_55_05  xgb [0],456,456,456,419,37,37,8.114035088,8.114035088,410,46,46,10.0877193,10.0877193
42_8_rd1,U-Net_55_05  xgb [0],502,501,500,465,35,35,7,7,453,47,47,9.4,9.4
42_8_rd2,U-Net_55_05  xgb [0],443,443,443,426,17,17,3.837471783,3.837471783,419,24,24,5.417607223,5.417607223
42_8_rd3,U-Net_55_05  xgb [1],348,346,346,359,-13,13,-3.757225434,3.757225434,352,-6,6,-1.734104046,1.734104046
42_8_rl2,U-Net_55_05  xgb [0],523,519,519,482,37,37,7.129094412,7.129094412,466,53,53,10.21194605,10.21194605
42_8_rl3,Light-U-Net_55_1  xgb [2],183,181,181,197,-16,16,-8.839779006,8.839779006,191,-10,10,-5.524861878,5.524861878
42_8_rr1,U-Net_55_05  xgb [0],466,466,466,450,16,16,3.433476395,3.433476395,436,30,30,6.43776824,6.43776824
42_8_rr2,U-Net_55_05  xgb [1],391,391,391,376,15,15,3.836317136,3.836317136,366,25,25,6.393861893,6.393861893
42_8_rr3,Light-U-Net_55_1  xgb [2],205,205,205,218,-13,13,-6.341463415,6.341463415,210,-5,5,-2.43902439,2.43902439
42_8_ru1,U-Net_55_05  xgb [0],436,433,432,422,10,10,2.314814815,2.314814815,411,21,21,4.861111111,4.861111111
42_8_ru2,U-Net_55_05  xgb [1],392,392,392,404,-12,12,-3.06122449,3.06122449,394,-2,2,-0.510204082,0.510204082
42_8_ru3,U-Net_55_05  xgb [1],328,327,327,334,-7,7,-2.140672783,2.140672783,324,3,3,0.917431193,0.917431193
4ld1,U-Net_55_05  xgb [0],436,434,434,414,20,20,4.608294931,4.608294931,402,32,32,7.373271889,7.373271889
4ld2,U-Net_55_05  xgb [0],440,434,434,433,1,1,0.230414747,0.230414747,428,6,6,1.382488479,1.382488479
4ld3,Light-U-Net_55_1  xgb [2],254,253,253,287,-34,34,-13.43873518,13.43873518,272,-19,19,-7.509881423,7.509881423
4ll3,Light-U-Net_55_1  xgb [2],139,136,136,196,-60,60,-44.11764706,44.11764706,178,-42,42,-30.88235294,30.88235294
4lr2,U-Net_55_05  xgb [0],422,417,417,427,-10,10,-2.398081535,2.398081535,414,3,3,0.71942446,0.71942446
4lr3,Light-U-Net_55_1  xgb [2],270,264,264,281,-17,17,-6.439393939,6.439393939,264,0,0,0,0
4lu1,U-Net_55_05  xgb [1],368,361,361,377,-16,16,-4.432132964,4.432132964,363,-2,2,-0.55401662,0.55401662
4lu2,U-Net_55_05  xgb [0],404,402,402,408,-6,6,-1.492537313,1.492537313,399,3,3,0.746268657,0.746268657
4lu3,Light-U-Net_55_1  xgb [2],199,195,195,218,-23,23,-11.79487179,11.79487179,205,-10,10,-5.128205128,5.128205128
4rd1,U-Net_55_05  xgb [0],425,420,420,414,6,6,1.428571429,1.428571429,406,14,14,3.333333333,3.333333333
4rd2,U-Net_55_05  xgb [0],474,469,469,445,24,24,5.117270789,5.117270789,433,36,36,7.675906183,7.675906183
4rl1,U-Net_55_05  xgb [1],396,392,391,383,8,8,2.046035806,2.046035806,373,18,18,4.603580563,4.603580563
4rl2,U-Net_55_05  xgb [0],465,458,458,443,15,15,3.27510917,3.27510917,429,29,29,6.331877729,6.331877729
4rr1,U-Net_55_05  xgb [0],442,439,439,419,20,20,4.555808656,4.555808656,410,29,29,6.605922551,6.605922551
4rr2,U-Net_55_05  xgb [0],479,472,472,443,29,29,6.144067797,6.144067797,432,40,40,8.474576271,8.474576271
4ru1,U-Net_55_05  xgb [1],386,384,384,382,2,2,0.520833333,0.520833333,362,22,22,5.729166667,5.729166667
4ru2,U-Net_55_05  xgb [1],300,299,299,322,-23,23,-7.692307692,7.692307692,315,-16,16,-5.351170569,5.351170569
5ld1,U-Net_55_05  xgb [0],413,411,411,442,-31,31,-7.542579075,7.542579075,431,-20,20,-4.866180049,4.866180049
5ld2,U-Net_55_05  xgb [1],305,304,304,337,-33,33,-10.85526316,10.85526316,324,-20,20,-6.578947368,6.578947368
5ld3,Light-U-Net_55_1  xgb [2],186,186,186,207,-21,21,-11.29032258,11.29032258,196,-10,10,-5.376344086,5.376344086
5ll1,U-Net_55_05  xgb [0],438,436,436,419,17,17,3.899082569,3.899082569,414,22,22,5.04587156,5.04587156
5ll2,U-Net_55_05  xgb [1],286,286,286,330,-44,44,-15.38461538,15.38461538,316,-30,30,-10.48951049,10.48951049
5lr1,U-Net_55_05  xgb [1],395,392,392,409,-17,17,-4.336734694,4.336734694,397,-5,5,-1.275510204,1.275510204
5lr2,U-Net_55_05  xgb [0],406,403,403,416,-13,13,-3.225806452,3.225806452,407,-4,4,-0.992555831,0.992555831
5lr3,Light-U-Net_55_1  xgb [2],271,271,271,302,-31,31,-11.43911439,11.43911439,278,-7,7,-2.58302583,2.58302583
5lu1,U-Net_55_05  xgb [1],369,367,367,371,-4,4,-1.089918256,1.089918256,358,9,9,2.452316076,2.452316076
5lu2,U-Net_55_05  xgb [1],394,391,391,407,-16,16,-4.092071611,4.092071611,393,-2,2,-0.511508951,0.511508951
5lu3,U-Net_55_05  xgb [1],304,300,300,327,-27,27,-9,9,320,-20,20,-6.666666667,6.666666667
5rd1,U-Net_55_05  xgb [1],386,382,382,407,-25,25,-6.544502618,6.544502618,394,-12,12,-3.141361257,3.141361257
5rd2,U-Net_55_05  xgb [0],432,432,432,447,-15,15,-3.472222222,3.472222222,436,-4,4,-0.925925926,0.925925926
5rd3,U-Net_55_05  xgb [1],328,327,327,351,-24,24,-7.339449541,7.339449541,344,-17,17,-5.198776758,5.198776758
5rl2,U-Net_55_05  xgb [1],372,370,370,400,-30,30,-8.108108108,8.108108108,385,-15,15,-4.054054054,4.054054054
5rl3,Light-U-Net_55_1  xgb [2],266,266,266,297,-31,31,-11.65413534,11.65413534,279,-13,13,-4.887218045,4.887218045
5rr1,U-Net_55_05  xgb [1],394,393,393,414,-21,21,-5.34351145,5.34351145,402,-9,9,-2.290076336,2.290076336
5rr2,U-Net_55_05  xgb [1],401,396,396,405,-9,9,-2.272727273,2.272727273,397,-1,1,-0.252525253,0.252525253
5rr3,U-Net_55_05  xgb [1],308,307,307,340,-33,33,-10.74918567,10.74918567,324,-17,17,-5.537459283,5.537459283
5ru1,U-Net_55_05  xgb [0],423,420,420,444,-24,24,-5.714285714,5.714285714,428,-8,8,-1.904761905,1.904761905
5ru2,U-Net_55_05  xgb [1],328,327,327,360,-33,33,-10.09174312,10.09174312,350,-23,23,-7.033639144,7.033639144
5ru3,Light-U-Net_55_1  xgb [2],206,204,204,250,-46,46,-22.54901961,22.54901961,227,-23,23,-11.2745098,11.2745098
6ld1,U-Net_55_05  xgb [1],344,344,343,376,-33,33,-9.620991254,9.620991254,365,-22,22,-6.413994169,6.413994169
6ld2,U-Net_55_05  xgb [1],368,372,372,411,-39,39,-10.48387097,10.48387097,400,-28,28,-7.52688172,7.52688172
6ld3,Light-U-Net_55_1  xgb [2],255,255,255,269,-14,14,-5.490196078,5.490196078,255,0,0,0,0
6ll1,U-Net_55_05  xgb [1],355,345,345,353,-8,8,-2.31884058,2.31884058,344,1,1,0.289855072,0.289855072
6ll2,U-Net_55_05  xgb [1],378,366,366,378,-12,12,-3.278688525,3.278688525,366,0,0,0,0
6ll3,Light-U-Net_55_1  xgb [2],204,204,204,218,-14,14,-6.862745098,6.862745098,211,-7,7,-3.431372549,3.431372549
6lr1,U-Net_55_05  xgb [0],411,408,408,410,-2,2,-0.490196078,0.490196078,397,11,11,2.696078431,2.696078431
6lr2,U-Net_55_05  xgb [1],300,299,299,326,-27,27,-9.030100334,9.030100334,315,-16,16,-5.351170569,5.351170569
6lr3,Light-U-Net_55_1  xgb [2],203,202,202,227,-25,25,-12.37623762,12.37623762,213,-11,11,-5.445544554,5.445544554
6lu1,U-Net_55_05  xgb [1],390,389,389,402,-13,13,-3.341902314,3.341902314,396,-7,7,-1.799485861,1.799485861
6lu2,U-Net_55_05  xgb [0],419,418,418,414,4,4,0.956937799,0.956937799,402,16,16,3.827751196,3.827751196
6rd2,U-Net_55_05  xgb [1],382,382,382,408,-26,26,-6.806282723,6.806282723,398,-16,16,-4.188481675,4.188481675
6rd3,Light-U-Net_55_1  xgb [2],280,280,280,286,-6,6,-2.142857143,2.142857143,271,9,9,3.214285714,3.214285714
6rl1,U-Net_55_05  xgb [0],430,425,424,438,-14,14,-3.301886792,3.301886792,430,-6,6,-1.41509434,1.41509434
6rl2,U-Net_55_05  xgb [1],319,319,319,343,-24,24,-7.523510972,7.523510972,330,-11,11,-3.448275862,3.448275862
6rl3,Light-U-Net_55_1  xgb [2],208,208,208,227,-19,19,-9.134615385,9.134615385,218,-10,10,-4.807692308,4.807692308
6rr1,U-Net_55_05  xgb [1],357,357,357,404,-47,47,-13.16526611,13.16526611,388,-31,31,-8.683473389,8.683473389
6rr2,U-Net_55_05  xgb [1],365,365,365,377,-12,12,-3.287671233,3.287671233,370,-5,5,-1.369863014,1.369863014
6rr3,U-Net_55_05  xgb [1],348,344,344,362,-18,18,-5.23255814,5.23255814,355,-11,11,-3.197674419,3.197674419
6ru1,U-Net_55_05  xgb [0],436,433,433,447,-14,14,-3.233256351,3.233256351,438,-5,5,-1.154734411,1.154734411
6ru3,Light-U-Net_55_1  xgb [2],210,209,209,236,-27,27,-12.91866029,12.91866029,226,-17,17,-8.133971292,8.133971292
7ll1,U-Net_55_05  xgb [1],377,377,376,374,2,2,0.531914894,0.531914894,365,11,11,2.925531915,2.925531915
7ll2,U-Net_55_05  xgb [0],463,459,459,452,7,7,1.525054466,1.525054466,436,23,23,5.010893246,5.010893246
7ll3,U-Net_55_05  xgb [1],301,300,300,308,-8,8,-2.666666667,2.666666667,305,-5,5,-1.666666667,1.666666667
7lr2,U-Net_55_05  xgb [0],446,445,445,456,-11,11,-2.471910112,2.471910112,443,2,2,0.449438202,0.449438202
7lu3,Light-U-Net_55_1  xgb [2],253,256,256,277,-21,21,-8.203125,8.203125,262,-6,6,-2.34375,2.34375
7rd2,U-Net_55_05  xgb [0],437,434,434,435,-1,1,-0.230414747,0.230414747,427,7,7,1.612903226,1.612903226
7rd3,Light-U-Net_55_1  xgb [2],208,208,208,236,-28,28,-13.46153846,13.46153846,225,-17,17,-8.173076923,8.173076923
7rl1,U-Net_55_05  xgb [1],324,324,324,332,-8,8,-2.469135802,2.469135802,328,-4,4,-1.234567901,1.234567901
7rl2,U-Net_55_05  xgb [0],420,416,416,426,-10,10,-2.403846154,2.403846154,416,0,0,0,0
7rl3,U-Net_55_05  xgb [1],293,292,292,307,-15,15,-5.136986301,5.136986301,301,-9,9,-3.082191781,3.082191781
7rr1,U-Net_55_05  xgb [1],395,394,394,401,-7,7,-1.776649746,1.776649746,394,0,0,0,0
7rr2,U-Net_55_05  xgb [1],313,312,312,334,-22,22,-7.051282051,7.051282051,325,-13,13,-4.166666667,4.166666667
7rr3,Light-U-Net_55_1  xgb [2],145,145,145,178,-33,33,-22.75862069,22.75862069,168,-23,23,-15.86206897,15.86206897
7ru2,U-Net_55_05  xgb [1],397,396,396,405,-9,9,-2.272727273,2.272727273,399,-3,3,-0.757575758,0.757575758
7ru3,U-Net_55_05  xgb [1],289,289,289,314,-25,25,-8.650519031,8.650519031,304,-15,15,-5.190311419,5.190311419
8ld3,Light-U-Net_55_1  xgb [2],46,46,46,101,-55,55,-119.5652174,119.5652174,99,-53,53,-115.2173913,115.2173913
8ll1,Light-U-Net_55_1  xgb [2],217,217,217,237,-20,20,-9.216589862,9.216589862,225,-8,8,-3.686635945,3.686635945
8ll2,Light-U-Net_55_1  xgb [2],58,58,58,111,-53,53,-91.37931034,91.37931034,105,-47,47,-81.03448276,81.03448276
8lr1,Light-U-Net_55_1  xgb [2],113,113,113,158,-45,45,-39.82300885,39.82300885,152,-39,39,-34.51327434,34.51327434
8lr2,Light-U-Net_55_1  xgb [2],127,122,122,156,-34,34,-27.86885246,27.86885246,152,-30,30,-24.59016393,24.59016393
8lu1,Light-U-Net_55_1  xgb [2],191,191,191,207,-16,16,-8.376963351,8.376963351,193,-2,2,-1.047120419,1.047120419
8lu2,Light-U-Net_55_1  xgb [2],59,57,57,131,-74,74,-129.8245614,129.8245614,129,-72,72,-126.3157895,126.3157895
8lu3,Light-U-Net_55_1  xgb [2],33,33,33,91,-58,58,-175.7575758,175.7575758,86,-53,53,-160.6060606,160.6060606
8rd1,U-Net_55_05  xgb [1],361,364,364,397,-33,33,-9.065934066,9.065934066,390,-26,26,-7.142857143,7.142857143
8rd3,Light-U-Net_55_1  xgb [2],188,185,185,218,-33,33,-17.83783784,17.83783784,199,-14,14,-7.567567568,7.567567568
8rl3,U-Net_55_05  xgb [1],311,309,309,333,-24,24,-7.766990291,7.766990291,326,-17,17,-5.501618123,5.501618123
8rr1,U-Net_55_05  xgb [1],339,337,337,388,-51,51,-15.13353116,15.13353116,380,-43,43,-12.75964392,12.75964392
8rr3,Light-U-Net_55_1  xgb [2],251,173,173,213,-40,40,-23.12138728,23.12138728,192,-19,19,-10.98265896,10.98265896
8ru1,U-Net_55_05  xgb [1],380,377,377,403,-26,26,-6.896551724,6.896551724,394,-17,17,-4.50928382,4.50928382
8ru3,Light-U-Net_55_1  xgb [2],251,250,250,261,-11,11,-4.4,4.4,248,2,2,0.8,0.8
,,,,,,,,,,,,,,7.349325344
